2018/05/02-06:48:44.738493 7f75057e0a00 RocksDB version: 5.13.0
2018/05/02-06:48:44.738520 7f75057e0a00 Git sha rocksdb_build_git_sha:3be9b364539d382ce282cad80b5c05c58fd2d8a7
2018/05/02-06:48:44.738522 7f75057e0a00 Compile date Apr 27 2018
2018/05/02-06:48:44.738523 7f75057e0a00 DB SUMMARY
2018/05/02-06:48:44.738533 7f75057e0a00 SST files in /mnt/rocksdb dir, Total Num: 0, files: 
2018/05/02-06:48:44.738535 7f75057e0a00 Write Ahead Log file in /mnt/rocksdb: 
2018/05/02-06:48:44.738537 7f75057e0a00                         Options.error_if_exists: 0
2018/05/02-06:48:44.738538 7f75057e0a00                       Options.create_if_missing: 1
2018/05/02-06:48:44.738539 7f75057e0a00                         Options.paranoid_checks: 1
2018/05/02-06:48:44.738540 7f75057e0a00                                     Options.env: 0xb1d9a0
2018/05/02-06:48:44.738541 7f75057e0a00                                Options.info_log: 0x1ef5a80
2018/05/02-06:48:44.738542 7f75057e0a00                Options.max_file_opening_threads: 16
2018/05/02-06:48:44.738543 7f75057e0a00                              Options.statistics: 0x1edd7d0
2018/05/02-06:48:44.738544 7f75057e0a00                               Options.use_fsync: 0
2018/05/02-06:48:44.738545 7f75057e0a00                       Options.max_log_file_size: 0
2018/05/02-06:48:44.738547 7f75057e0a00                  Options.max_manifest_file_size: 18446744073709551615
2018/05/02-06:48:44.738548 7f75057e0a00                   Options.log_file_time_to_roll: 0
2018/05/02-06:48:44.738549 7f75057e0a00                       Options.keep_log_file_num: 1000
2018/05/02-06:48:44.738550 7f75057e0a00                    Options.recycle_log_file_num: 0
2018/05/02-06:48:44.738551 7f75057e0a00                         Options.allow_fallocate: 1
2018/05/02-06:48:44.738552 7f75057e0a00                        Options.allow_mmap_reads: 0
2018/05/02-06:48:44.738553 7f75057e0a00                       Options.allow_mmap_writes: 0
2018/05/02-06:48:44.738554 7f75057e0a00                        Options.use_direct_reads: 0
2018/05/02-06:48:44.738555 7f75057e0a00                        Options.use_direct_io_for_flush_and_compaction: 0
2018/05/02-06:48:44.738556 7f75057e0a00          Options.create_missing_column_families: 0
2018/05/02-06:48:44.738557 7f75057e0a00                              Options.db_log_dir: 
2018/05/02-06:48:44.738558 7f75057e0a00                                 Options.wal_dir: /mnt/rocksdb
2018/05/02-06:48:44.738559 7f75057e0a00                Options.table_cache_numshardbits: 4
2018/05/02-06:48:44.738560 7f75057e0a00                      Options.max_subcompactions: 1
2018/05/02-06:48:44.738561 7f75057e0a00                  Options.max_background_flushes: -1
2018/05/02-06:48:44.738562 7f75057e0a00                         Options.WAL_ttl_seconds: 0
2018/05/02-06:48:44.738563 7f75057e0a00                       Options.WAL_size_limit_MB: 0
2018/05/02-06:48:44.738563 7f75057e0a00             Options.manifest_preallocation_size: 4194304
2018/05/02-06:48:44.738564 7f75057e0a00                     Options.is_fd_close_on_exec: 1
2018/05/02-06:48:44.738565 7f75057e0a00                   Options.advise_random_on_open: 1
2018/05/02-06:48:44.738566 7f75057e0a00                    Options.db_write_buffer_size: 0
2018/05/02-06:48:44.738567 7f75057e0a00                    Options.write_buffer_manager: 0x1ee7f90
2018/05/02-06:48:44.738568 7f75057e0a00         Options.access_hint_on_compaction_start: 1
2018/05/02-06:48:44.738569 7f75057e0a00  Options.new_table_reader_for_compaction_inputs: 1
2018/05/02-06:48:44.738570 7f75057e0a00           Options.random_access_max_buffer_size: 1048576
2018/05/02-06:48:44.738571 7f75057e0a00                      Options.use_adaptive_mutex: 0
2018/05/02-06:48:44.738572 7f75057e0a00                            Options.rate_limiter: (nil)
2018/05/02-06:48:44.738573 7f75057e0a00     Options.sst_file_manager.rate_bytes_per_sec: 0
2018/05/02-06:48:44.738574 7f75057e0a00                       Options.wal_recovery_mode: 2
2018/05/02-06:48:44.738575 7f75057e0a00                  Options.enable_thread_tracking: 0
2018/05/02-06:48:44.738576 7f75057e0a00                  Options.enable_pipelined_write: 0
2018/05/02-06:48:44.738582 7f75057e0a00         Options.allow_concurrent_memtable_write: 0
2018/05/02-06:48:44.738583 7f75057e0a00      Options.enable_write_thread_adaptive_yield: 1
2018/05/02-06:48:44.738584 7f75057e0a00             Options.write_thread_max_yield_usec: 100
2018/05/02-06:48:44.738585 7f75057e0a00            Options.write_thread_slow_yield_usec: 3
2018/05/02-06:48:44.738586 7f75057e0a00                               Options.row_cache: None
2018/05/02-06:48:44.738587 7f75057e0a00                              Options.wal_filter: None
2018/05/02-06:48:44.738588 7f75057e0a00             Options.avoid_flush_during_recovery: 0
2018/05/02-06:48:44.738589 7f75057e0a00             Options.allow_ingest_behind: 0
2018/05/02-06:48:44.738590 7f75057e0a00             Options.preserve_deletes: 0
2018/05/02-06:48:44.738591 7f75057e0a00             Options.two_write_queues: 0
2018/05/02-06:48:44.738592 7f75057e0a00             Options.manual_wal_flush: 0
2018/05/02-06:48:44.738592 7f75057e0a00             Options.max_background_jobs: 2
2018/05/02-06:48:44.738593 7f75057e0a00             Options.max_background_compactions: -1
2018/05/02-06:48:44.738594 7f75057e0a00             Options.avoid_flush_during_shutdown: 0
2018/05/02-06:48:44.738595 7f75057e0a00           Options.writable_file_max_buffer_size: 1048576
2018/05/02-06:48:44.738596 7f75057e0a00             Options.delayed_write_rate : 8388608
2018/05/02-06:48:44.738597 7f75057e0a00             Options.max_total_wal_size: 0
2018/05/02-06:48:44.738598 7f75057e0a00             Options.delete_obsolete_files_period_micros: 21600000000
2018/05/02-06:48:44.738599 7f75057e0a00                   Options.stats_dump_period_sec: 600
2018/05/02-06:48:44.738600 7f75057e0a00                          Options.max_open_files: -1
2018/05/02-06:48:44.738601 7f75057e0a00                          Options.bytes_per_sync: 0
2018/05/02-06:48:44.738602 7f75057e0a00                      Options.wal_bytes_per_sync: 0
2018/05/02-06:48:44.738603 7f75057e0a00       Options.compaction_readahead_size: 0
2018/05/02-06:48:44.738604 7f75057e0a00 Compression algorithms supported:
2018/05/02-06:48:44.738605 7f75057e0a00 	kZSTDNotFinalCompression supported: 1
2018/05/02-06:48:44.738607 7f75057e0a00 	kZSTD supported: 0
2018/05/02-06:48:44.738608 7f75057e0a00 	kXpressCompression supported: 0
2018/05/02-06:48:44.738609 7f75057e0a00 	kLZ4HCCompression supported: 1
2018/05/02-06:48:44.738610 7f75057e0a00 	kLZ4Compression supported: 1
2018/05/02-06:48:44.738611 7f75057e0a00 	kBZip2Compression supported: 1
2018/05/02-06:48:44.738613 7f75057e0a00 	kZlibCompression supported: 1
2018/05/02-06:48:44.738614 7f75057e0a00 	kSnappyCompression supported: 1
2018/05/02-06:48:44.738620 7f75057e0a00 Fast CRC32 supported: Supported on x86
2018/05/02-06:48:44.738644 7f75057e0a00 [db/db_impl_open.cc:222] Creating manifest 1 
2018/05/02-06:48:44.763768 7f75057e0a00 [db/version_set.cc:3096] Recovering from manifest file: MANIFEST-000001
2018/05/02-06:48:44.763810 7f75057e0a00 [db/column_family.cc:475] --------------- Options for column family [default]:
2018/05/02-06:48:44.763812 7f75057e0a00               Options.comparator: leveldb.BytewiseComparator
2018/05/02-06:48:44.763813 7f75057e0a00           Options.merge_operator: None
2018/05/02-06:48:44.763815 7f75057e0a00        Options.compaction_filter: None
2018/05/02-06:48:44.763816 7f75057e0a00        Options.compaction_filter_factory: None
2018/05/02-06:48:44.763817 7f75057e0a00         Options.memtable_factory: HashLinkListRepFactory
2018/05/02-06:48:44.763818 7f75057e0a00            Options.table_factory: BlockBasedTable
2018/05/02-06:48:44.763840 7f75057e0a00            table_factory options:   flush_block_policy_factory: FlushBlockBySizePolicyFactory (0x1ee81a0)
  cache_index_and_filter_blocks: 0
  cache_index_and_filter_blocks_with_high_priority: 0
  pin_l0_filter_and_index_blocks_in_cache: 0
  index_type: 0
  hash_index_allow_collision: 1
  checksum: 1
  no_block_cache: 0
  block_cache: 0x1edd840
  block_cache_name: LRUCache
  block_cache_options:
    capacity : 8388608
    num_shard_bits : 6
    strict_capacity_limit : 0
    high_pri_pool_ratio: 0.000
  block_cache_compressed: (nil)
  persistent_cache: (nil)
  block_size: 4096
  block_size_deviation: 10
  block_restart_interval: 16
  index_block_restart_interval: 1
  metadata_block_size: 4096
  partition_filters: 0
  use_delta_encoding: 1
  filter_policy: nullptr
  whole_key_filtering: 1
  verify_compression: 0
  read_amp_bytes_per_bit: 0
  format_version: 2
  enable_index_compression: 1
  block_align: 0
2018/05/02-06:48:44.763852 7f75057e0a00        Options.write_buffer_size: 17179869184
2018/05/02-06:48:44.763854 7f75057e0a00  Options.max_write_buffer_number: 2
2018/05/02-06:48:44.763855 7f75057e0a00          Options.compression: Snappy
2018/05/02-06:48:44.763856 7f75057e0a00                  Options.bottommost_compression: Disabled
2018/05/02-06:48:44.763858 7f75057e0a00       Options.prefix_extractor: rocksdb.FixedPrefix.8
2018/05/02-06:48:44.763859 7f75057e0a00   Options.memtable_insert_with_hint_prefix_extractor: nullptr
2018/05/02-06:48:44.763860 7f75057e0a00             Options.num_levels: 7
2018/05/02-06:48:44.763861 7f75057e0a00        Options.min_write_buffer_number_to_merge: 1
2018/05/02-06:48:44.763862 7f75057e0a00     Options.max_write_buffer_number_to_maintain: 0
2018/05/02-06:48:44.763863 7f75057e0a00            Options.compression_opts.window_bits: -14
2018/05/02-06:48:44.763864 7f75057e0a00                  Options.compression_opts.level: -1
2018/05/02-06:48:44.763865 7f75057e0a00               Options.compression_opts.strategy: 0
2018/05/02-06:48:44.763866 7f75057e0a00         Options.compression_opts.max_dict_bytes: 0
2018/05/02-06:48:44.763867 7f75057e0a00         Options.compression_opts.zstd_max_train_bytes: 0
2018/05/02-06:48:44.763868 7f75057e0a00      Options.level0_file_num_compaction_trigger: 4
2018/05/02-06:48:44.763869 7f75057e0a00          Options.level0_slowdown_writes_trigger: 20
2018/05/02-06:48:44.763870 7f75057e0a00              Options.level0_stop_writes_trigger: 36
2018/05/02-06:48:44.763871 7f75057e0a00                   Options.target_file_size_base: 67108864
2018/05/02-06:48:44.763872 7f75057e0a00             Options.target_file_size_multiplier: 1
2018/05/02-06:48:44.763873 7f75057e0a00                Options.max_bytes_for_level_base: 268435456
2018/05/02-06:48:44.763874 7f75057e0a00 Options.level_compaction_dynamic_level_bytes: 0
2018/05/02-06:48:44.763875 7f75057e0a00          Options.max_bytes_for_level_multiplier: 10.000000
2018/05/02-06:48:44.763877 7f75057e0a00 Options.max_bytes_for_level_multiplier_addtl[0]: 1
2018/05/02-06:48:44.763878 7f75057e0a00 Options.max_bytes_for_level_multiplier_addtl[1]: 1
2018/05/02-06:48:44.763879 7f75057e0a00 Options.max_bytes_for_level_multiplier_addtl[2]: 1
2018/05/02-06:48:44.763880 7f75057e0a00 Options.max_bytes_for_level_multiplier_addtl[3]: 1
2018/05/02-06:48:44.763881 7f75057e0a00 Options.max_bytes_for_level_multiplier_addtl[4]: 1
2018/05/02-06:48:44.763882 7f75057e0a00 Options.max_bytes_for_level_multiplier_addtl[5]: 1
2018/05/02-06:48:44.763883 7f75057e0a00 Options.max_bytes_for_level_multiplier_addtl[6]: 1
2018/05/02-06:48:44.763884 7f75057e0a00       Options.max_sequential_skip_in_iterations: 8
2018/05/02-06:48:44.763884 7f75057e0a00                    Options.max_compaction_bytes: 1677721600
2018/05/02-06:48:44.763886 7f75057e0a00                        Options.arena_block_size: 2147483648
2018/05/02-06:48:44.763886 7f75057e0a00   Options.soft_pending_compaction_bytes_limit: 68719476736
2018/05/02-06:48:44.763888 7f75057e0a00   Options.hard_pending_compaction_bytes_limit: 137438953472
2018/05/02-06:48:44.763888 7f75057e0a00       Options.rate_limit_delay_max_milliseconds: 1000
2018/05/02-06:48:44.763889 7f75057e0a00                Options.disable_auto_compactions: 0
2018/05/02-06:48:44.763891 7f75057e0a00                        Options.compaction_style: kCompactionStyleLevel
2018/05/02-06:48:44.763893 7f75057e0a00                          Options.compaction_pri: kByCompensatedSize
2018/05/02-06:48:44.763894 7f75057e0a00 Options.compaction_options_universal.size_ratio: 1
2018/05/02-06:48:44.763898 7f75057e0a00 Options.compaction_options_universal.min_merge_width: 2
2018/05/02-06:48:44.763900 7f75057e0a00 Options.compaction_options_universal.max_merge_width: 4294967295
2018/05/02-06:48:44.763901 7f75057e0a00 Options.compaction_options_universal.max_size_amplification_percent: 200
2018/05/02-06:48:44.763902 7f75057e0a00 Options.compaction_options_universal.compression_size_percent: -1
2018/05/02-06:48:44.763903 7f75057e0a00 Options.compaction_options_universal.stop_style: kCompactionStopStyleTotalSize
2018/05/02-06:48:44.763904 7f75057e0a00 Options.compaction_options_fifo.max_table_files_size: 0
2018/05/02-06:48:44.763905 7f75057e0a00 Options.compaction_options_fifo.allow_compaction: 1
2018/05/02-06:48:44.763906 7f75057e0a00 Options.compaction_options_fifo.ttl: 0
2018/05/02-06:48:44.763907 7f75057e0a00                   Options.table_properties_collectors: 
2018/05/02-06:48:44.763908 7f75057e0a00                   Options.inplace_update_support: 0
2018/05/02-06:48:44.763909 7f75057e0a00                 Options.inplace_update_num_locks: 10000
2018/05/02-06:48:44.763910 7f75057e0a00               Options.memtable_prefix_bloom_size_ratio: 0.000000
2018/05/02-06:48:44.763912 7f75057e0a00   Options.memtable_huge_page_size: 0
2018/05/02-06:48:44.763913 7f75057e0a00                           Options.bloom_locality: 0
2018/05/02-06:48:44.763914 7f75057e0a00                    Options.max_successive_merges: 0
2018/05/02-06:48:44.763915 7f75057e0a00                Options.optimize_filters_for_hits: 0
2018/05/02-06:48:44.763915 7f75057e0a00                Options.paranoid_file_checks: 0
2018/05/02-06:48:44.763917 7f75057e0a00                Options.force_consistency_checks: 0
2018/05/02-06:48:44.763917 7f75057e0a00                Options.report_bg_io_stats: 0
2018/05/02-06:48:44.763918 7f75057e0a00                               Options.ttl: 0
2018/05/02-06:48:44.767714 7f75057e0a00 [db/version_set.cc:3370] Recovered from manifest file:/mnt/rocksdb/MANIFEST-000001 succeeded,manifest_file_number is 1, next_file_number is 3, last_sequence is 0, log_number is 0,prev_log_number is 0,max_column_family is 0,deleted_log_number is 0
2018/05/02-06:48:44.767721 7f75057e0a00 [db/version_set.cc:3378] Column family [default] (ID 0), log number is 0
2018/05/02-06:48:44.772560 7f75057e0a00 [db/db_impl_open.cc:1218] DB pointer 0x1ee4570
2018/05/02-06:48:50.080570 7f75057e0a00 [db/db_impl.cc:252] Shutdown: canceling all background work
2018/05/02-06:48:50.082363 7f75057e0a00 [db/db_impl.cc:398] Shutdown complete
