2018/05/02-06:47:38.974454 7f1a2f516a00 RocksDB version: 5.13.0
2018/05/02-06:47:38.974481 7f1a2f516a00 Git sha rocksdb_build_git_sha:3be9b364539d382ce282cad80b5c05c58fd2d8a7
2018/05/02-06:47:38.974484 7f1a2f516a00 Compile date Apr 27 2018
2018/05/02-06:47:38.974485 7f1a2f516a00 DB SUMMARY
2018/05/02-06:47:38.974496 7f1a2f516a00 SST files in /mnt/rocksdb dir, Total Num: 0, files: 
2018/05/02-06:47:38.974497 7f1a2f516a00 Write Ahead Log file in /mnt/rocksdb: 
2018/05/02-06:47:38.974499 7f1a2f516a00                         Options.error_if_exists: 0
2018/05/02-06:47:38.974501 7f1a2f516a00                       Options.create_if_missing: 1
2018/05/02-06:47:38.974502 7f1a2f516a00                         Options.paranoid_checks: 1
2018/05/02-06:47:38.974503 7f1a2f516a00                                     Options.env: 0xb1d9a0
2018/05/02-06:47:38.974504 7f1a2f516a00                                Options.info_log: 0x1fc4ba0
2018/05/02-06:47:38.974505 7f1a2f516a00                Options.max_file_opening_threads: 16
2018/05/02-06:47:38.974506 7f1a2f516a00                              Options.statistics: 0x1fba7d0
2018/05/02-06:47:38.974507 7f1a2f516a00                               Options.use_fsync: 0
2018/05/02-06:47:38.974508 7f1a2f516a00                       Options.max_log_file_size: 0
2018/05/02-06:47:38.974509 7f1a2f516a00                  Options.max_manifest_file_size: 18446744073709551615
2018/05/02-06:47:38.974511 7f1a2f516a00                   Options.log_file_time_to_roll: 0
2018/05/02-06:47:38.974512 7f1a2f516a00                       Options.keep_log_file_num: 1000
2018/05/02-06:47:38.974513 7f1a2f516a00                    Options.recycle_log_file_num: 0
2018/05/02-06:47:38.974514 7f1a2f516a00                         Options.allow_fallocate: 1
2018/05/02-06:47:38.974514 7f1a2f516a00                        Options.allow_mmap_reads: 0
2018/05/02-06:47:38.974515 7f1a2f516a00                       Options.allow_mmap_writes: 0
2018/05/02-06:47:38.974516 7f1a2f516a00                        Options.use_direct_reads: 0
2018/05/02-06:47:38.974517 7f1a2f516a00                        Options.use_direct_io_for_flush_and_compaction: 0
2018/05/02-06:47:38.974518 7f1a2f516a00          Options.create_missing_column_families: 0
2018/05/02-06:47:38.974519 7f1a2f516a00                              Options.db_log_dir: 
2018/05/02-06:47:38.974520 7f1a2f516a00                                 Options.wal_dir: /mnt/rocksdb
2018/05/02-06:47:38.974521 7f1a2f516a00                Options.table_cache_numshardbits: 4
2018/05/02-06:47:38.974522 7f1a2f516a00                      Options.max_subcompactions: 1
2018/05/02-06:47:38.974523 7f1a2f516a00                  Options.max_background_flushes: -1
2018/05/02-06:47:38.974524 7f1a2f516a00                         Options.WAL_ttl_seconds: 0
2018/05/02-06:47:38.974525 7f1a2f516a00                       Options.WAL_size_limit_MB: 0
2018/05/02-06:47:38.974526 7f1a2f516a00             Options.manifest_preallocation_size: 4194304
2018/05/02-06:47:38.974527 7f1a2f516a00                     Options.is_fd_close_on_exec: 1
2018/05/02-06:47:38.974528 7f1a2f516a00                   Options.advise_random_on_open: 1
2018/05/02-06:47:38.974529 7f1a2f516a00                    Options.db_write_buffer_size: 0
2018/05/02-06:47:38.974530 7f1a2f516a00                    Options.write_buffer_manager: 0x1fc25f0
2018/05/02-06:47:38.974531 7f1a2f516a00         Options.access_hint_on_compaction_start: 1
2018/05/02-06:47:38.974532 7f1a2f516a00  Options.new_table_reader_for_compaction_inputs: 1
2018/05/02-06:47:38.974533 7f1a2f516a00           Options.random_access_max_buffer_size: 1048576
2018/05/02-06:47:38.974534 7f1a2f516a00                      Options.use_adaptive_mutex: 0
2018/05/02-06:47:38.974535 7f1a2f516a00                            Options.rate_limiter: (nil)
2018/05/02-06:47:38.974536 7f1a2f516a00     Options.sst_file_manager.rate_bytes_per_sec: 0
2018/05/02-06:47:38.974537 7f1a2f516a00                       Options.wal_recovery_mode: 2
2018/05/02-06:47:38.974538 7f1a2f516a00                  Options.enable_thread_tracking: 0
2018/05/02-06:47:38.974539 7f1a2f516a00                  Options.enable_pipelined_write: 0
2018/05/02-06:47:38.974545 7f1a2f516a00         Options.allow_concurrent_memtable_write: 0
2018/05/02-06:47:38.974546 7f1a2f516a00      Options.enable_write_thread_adaptive_yield: 1
2018/05/02-06:47:38.974547 7f1a2f516a00             Options.write_thread_max_yield_usec: 100
2018/05/02-06:47:38.974548 7f1a2f516a00            Options.write_thread_slow_yield_usec: 3
2018/05/02-06:47:38.974549 7f1a2f516a00                               Options.row_cache: None
2018/05/02-06:47:38.974550 7f1a2f516a00                              Options.wal_filter: None
2018/05/02-06:47:38.974551 7f1a2f516a00             Options.avoid_flush_during_recovery: 0
2018/05/02-06:47:38.974552 7f1a2f516a00             Options.allow_ingest_behind: 0
2018/05/02-06:47:38.974553 7f1a2f516a00             Options.preserve_deletes: 0
2018/05/02-06:47:38.974554 7f1a2f516a00             Options.two_write_queues: 0
2018/05/02-06:47:38.974554 7f1a2f516a00             Options.manual_wal_flush: 0
2018/05/02-06:47:38.974555 7f1a2f516a00             Options.max_background_jobs: 2
2018/05/02-06:47:38.974556 7f1a2f516a00             Options.max_background_compactions: -1
2018/05/02-06:47:38.974557 7f1a2f516a00             Options.avoid_flush_during_shutdown: 0
2018/05/02-06:47:38.974558 7f1a2f516a00           Options.writable_file_max_buffer_size: 1048576
2018/05/02-06:47:38.974559 7f1a2f516a00             Options.delayed_write_rate : 8388608
2018/05/02-06:47:38.974560 7f1a2f516a00             Options.max_total_wal_size: 0
2018/05/02-06:47:38.974561 7f1a2f516a00             Options.delete_obsolete_files_period_micros: 21600000000
2018/05/02-06:47:38.974562 7f1a2f516a00                   Options.stats_dump_period_sec: 600
2018/05/02-06:47:38.974563 7f1a2f516a00                          Options.max_open_files: -1
2018/05/02-06:47:38.974564 7f1a2f516a00                          Options.bytes_per_sync: 0
2018/05/02-06:47:38.974565 7f1a2f516a00                      Options.wal_bytes_per_sync: 0
2018/05/02-06:47:38.974566 7f1a2f516a00       Options.compaction_readahead_size: 0
2018/05/02-06:47:38.974567 7f1a2f516a00 Compression algorithms supported:
2018/05/02-06:47:38.974569 7f1a2f516a00 	kZSTDNotFinalCompression supported: 1
2018/05/02-06:47:38.974570 7f1a2f516a00 	kZSTD supported: 0
2018/05/02-06:47:38.974572 7f1a2f516a00 	kXpressCompression supported: 0
2018/05/02-06:47:38.974573 7f1a2f516a00 	kLZ4HCCompression supported: 1
2018/05/02-06:47:38.974574 7f1a2f516a00 	kLZ4Compression supported: 1
2018/05/02-06:47:38.974576 7f1a2f516a00 	kBZip2Compression supported: 1
2018/05/02-06:47:38.974577 7f1a2f516a00 	kZlibCompression supported: 1
2018/05/02-06:47:38.974578 7f1a2f516a00 	kSnappyCompression supported: 1
2018/05/02-06:47:38.974584 7f1a2f516a00 Fast CRC32 supported: Supported on x86
2018/05/02-06:47:38.974608 7f1a2f516a00 [db/db_impl_open.cc:222] Creating manifest 1 
2018/05/02-06:47:38.998453 7f1a2f516a00 [db/version_set.cc:3096] Recovering from manifest file: MANIFEST-000001
2018/05/02-06:47:38.998497 7f1a2f516a00 [db/column_family.cc:475] --------------- Options for column family [default]:
2018/05/02-06:47:38.998499 7f1a2f516a00               Options.comparator: leveldb.BytewiseComparator
2018/05/02-06:47:38.998500 7f1a2f516a00           Options.merge_operator: None
2018/05/02-06:47:38.998501 7f1a2f516a00        Options.compaction_filter: None
2018/05/02-06:47:38.998502 7f1a2f516a00        Options.compaction_filter_factory: None
2018/05/02-06:47:38.998504 7f1a2f516a00         Options.memtable_factory: HashSkipListRepFactory
2018/05/02-06:47:38.998505 7f1a2f516a00            Options.table_factory: BlockBasedTable
2018/05/02-06:47:38.998527 7f1a2f516a00            table_factory options:   flush_block_policy_factory: FlushBlockBySizePolicyFactory (0x1fba910)
  cache_index_and_filter_blocks: 0
  cache_index_and_filter_blocks_with_high_priority: 0
  pin_l0_filter_and_index_blocks_in_cache: 0
  index_type: 0
  hash_index_allow_collision: 1
  checksum: 1
  no_block_cache: 0
  block_cache: 0x1fba840
  block_cache_name: LRUCache
  block_cache_options:
    capacity : 8388608
    num_shard_bits : 6
    strict_capacity_limit : 0
    high_pri_pool_ratio: 0.000
  block_cache_compressed: (nil)
  persistent_cache: (nil)
  block_size: 4096
  block_size_deviation: 10
  block_restart_interval: 16
  index_block_restart_interval: 1
  metadata_block_size: 4096
  partition_filters: 0
  use_delta_encoding: 1
  filter_policy: nullptr
  whole_key_filtering: 1
  verify_compression: 0
  read_amp_bytes_per_bit: 0
  format_version: 2
  enable_index_compression: 1
  block_align: 0
2018/05/02-06:47:38.998539 7f1a2f516a00        Options.write_buffer_size: 17179869184
2018/05/02-06:47:38.998541 7f1a2f516a00  Options.max_write_buffer_number: 2
2018/05/02-06:47:38.998542 7f1a2f516a00          Options.compression: Snappy
2018/05/02-06:47:38.998544 7f1a2f516a00                  Options.bottommost_compression: Disabled
2018/05/02-06:47:38.998545 7f1a2f516a00       Options.prefix_extractor: rocksdb.FixedPrefix.8
2018/05/02-06:47:38.998546 7f1a2f516a00   Options.memtable_insert_with_hint_prefix_extractor: nullptr
2018/05/02-06:47:38.998547 7f1a2f516a00             Options.num_levels: 7
2018/05/02-06:47:38.998549 7f1a2f516a00        Options.min_write_buffer_number_to_merge: 1
2018/05/02-06:47:38.998550 7f1a2f516a00     Options.max_write_buffer_number_to_maintain: 0
2018/05/02-06:47:38.998551 7f1a2f516a00            Options.compression_opts.window_bits: -14
2018/05/02-06:47:38.998552 7f1a2f516a00                  Options.compression_opts.level: -1
2018/05/02-06:47:38.998553 7f1a2f516a00               Options.compression_opts.strategy: 0
2018/05/02-06:47:38.998554 7f1a2f516a00         Options.compression_opts.max_dict_bytes: 0
2018/05/02-06:47:38.998555 7f1a2f516a00         Options.compression_opts.zstd_max_train_bytes: 0
2018/05/02-06:47:38.998556 7f1a2f516a00      Options.level0_file_num_compaction_trigger: 4
2018/05/02-06:47:38.998557 7f1a2f516a00          Options.level0_slowdown_writes_trigger: 20
2018/05/02-06:47:38.998558 7f1a2f516a00              Options.level0_stop_writes_trigger: 36
2018/05/02-06:47:38.998559 7f1a2f516a00                   Options.target_file_size_base: 67108864
2018/05/02-06:47:38.998560 7f1a2f516a00             Options.target_file_size_multiplier: 1
2018/05/02-06:47:38.998561 7f1a2f516a00                Options.max_bytes_for_level_base: 268435456
2018/05/02-06:47:38.998562 7f1a2f516a00 Options.level_compaction_dynamic_level_bytes: 0
2018/05/02-06:47:38.998563 7f1a2f516a00          Options.max_bytes_for_level_multiplier: 10.000000
2018/05/02-06:47:38.998566 7f1a2f516a00 Options.max_bytes_for_level_multiplier_addtl[0]: 1
2018/05/02-06:47:38.998567 7f1a2f516a00 Options.max_bytes_for_level_multiplier_addtl[1]: 1
2018/05/02-06:47:38.998568 7f1a2f516a00 Options.max_bytes_for_level_multiplier_addtl[2]: 1
2018/05/02-06:47:38.998569 7f1a2f516a00 Options.max_bytes_for_level_multiplier_addtl[3]: 1
2018/05/02-06:47:38.998570 7f1a2f516a00 Options.max_bytes_for_level_multiplier_addtl[4]: 1
2018/05/02-06:47:38.998571 7f1a2f516a00 Options.max_bytes_for_level_multiplier_addtl[5]: 1
2018/05/02-06:47:38.998572 7f1a2f516a00 Options.max_bytes_for_level_multiplier_addtl[6]: 1
2018/05/02-06:47:38.998573 7f1a2f516a00       Options.max_sequential_skip_in_iterations: 8
2018/05/02-06:47:38.998574 7f1a2f516a00                    Options.max_compaction_bytes: 1677721600
2018/05/02-06:47:38.998575 7f1a2f516a00                        Options.arena_block_size: 2147483648
2018/05/02-06:47:38.998576 7f1a2f516a00   Options.soft_pending_compaction_bytes_limit: 68719476736
2018/05/02-06:47:38.998577 7f1a2f516a00   Options.hard_pending_compaction_bytes_limit: 137438953472
2018/05/02-06:47:38.998578 7f1a2f516a00       Options.rate_limit_delay_max_milliseconds: 1000
2018/05/02-06:47:38.998579 7f1a2f516a00                Options.disable_auto_compactions: 0
2018/05/02-06:47:38.998581 7f1a2f516a00                        Options.compaction_style: kCompactionStyleLevel
2018/05/02-06:47:38.998583 7f1a2f516a00                          Options.compaction_pri: kByCompensatedSize
2018/05/02-06:47:38.998584 7f1a2f516a00 Options.compaction_options_universal.size_ratio: 1
2018/05/02-06:47:38.998589 7f1a2f516a00 Options.compaction_options_universal.min_merge_width: 2
2018/05/02-06:47:38.998590 7f1a2f516a00 Options.compaction_options_universal.max_merge_width: 4294967295
2018/05/02-06:47:38.998591 7f1a2f516a00 Options.compaction_options_universal.max_size_amplification_percent: 200
2018/05/02-06:47:38.998593 7f1a2f516a00 Options.compaction_options_universal.compression_size_percent: -1
2018/05/02-06:47:38.998595 7f1a2f516a00 Options.compaction_options_universal.stop_style: kCompactionStopStyleTotalSize
2018/05/02-06:47:38.998596 7f1a2f516a00 Options.compaction_options_fifo.max_table_files_size: 0
2018/05/02-06:47:38.998597 7f1a2f516a00 Options.compaction_options_fifo.allow_compaction: 1
2018/05/02-06:47:38.998598 7f1a2f516a00 Options.compaction_options_fifo.ttl: 0
2018/05/02-06:47:38.998599 7f1a2f516a00                   Options.table_properties_collectors: 
2018/05/02-06:47:38.998600 7f1a2f516a00                   Options.inplace_update_support: 0
2018/05/02-06:47:38.998601 7f1a2f516a00                 Options.inplace_update_num_locks: 10000
2018/05/02-06:47:38.998602 7f1a2f516a00               Options.memtable_prefix_bloom_size_ratio: 0.000000
2018/05/02-06:47:38.998603 7f1a2f516a00   Options.memtable_huge_page_size: 0
2018/05/02-06:47:38.998605 7f1a2f516a00                           Options.bloom_locality: 0
2018/05/02-06:47:38.998606 7f1a2f516a00                    Options.max_successive_merges: 0
2018/05/02-06:47:38.998607 7f1a2f516a00                Options.optimize_filters_for_hits: 0
2018/05/02-06:47:38.998608 7f1a2f516a00                Options.paranoid_file_checks: 0
2018/05/02-06:47:38.998608 7f1a2f516a00                Options.force_consistency_checks: 0
2018/05/02-06:47:38.998609 7f1a2f516a00                Options.report_bg_io_stats: 0
2018/05/02-06:47:38.998610 7f1a2f516a00                               Options.ttl: 0
2018/05/02-06:47:39.001290 7f1a2f516a00 [db/version_set.cc:3370] Recovered from manifest file:/mnt/rocksdb/MANIFEST-000001 succeeded,manifest_file_number is 1, next_file_number is 3, last_sequence is 0, log_number is 0,prev_log_number is 0,max_column_family is 0,deleted_log_number is 0
2018/05/02-06:47:39.001298 7f1a2f516a00 [db/version_set.cc:3378] Column family [default] (ID 0), log number is 0
2018/05/02-06:47:39.006693 7f1a2f516a00 [db/db_impl_open.cc:1218] DB pointer 0x1fc1580
2018/05/02-06:47:42.798348 7f1a2f516a00 [db/db_impl.cc:252] Shutdown: canceling all background work
2018/05/02-06:47:42.800144 7f1a2f516a00 [db/db_impl.cc:398] Shutdown complete
