2018/05/02-06:55:37.854763 7fbe1e277a00 RocksDB version: 5.13.0
2018/05/02-06:55:37.854795 7fbe1e277a00 Git sha rocksdb_build_git_sha:ad155921d831611af1b50dbe0a3ed0dbc6dd5313
2018/05/02-06:55:37.854798 7fbe1e277a00 Compile date Apr 30 2018
2018/05/02-06:55:37.854800 7fbe1e277a00 DB SUMMARY
2018/05/02-06:55:37.854809 7fbe1e277a00 SST files in /mnt/rocksdb dir, Total Num: 0, files: 
2018/05/02-06:55:37.854811 7fbe1e277a00 Write Ahead Log file in /mnt/rocksdb: 
2018/05/02-06:55:37.854813 7fbe1e277a00                         Options.error_if_exists: 0
2018/05/02-06:55:37.854814 7fbe1e277a00                       Options.create_if_missing: 1
2018/05/02-06:55:37.854815 7fbe1e277a00                         Options.paranoid_checks: 1
2018/05/02-06:55:37.854816 7fbe1e277a00                                     Options.env: 0xb179a0
2018/05/02-06:55:37.854818 7fbe1e277a00                                Options.info_log: 0x147cef0
2018/05/02-06:55:37.854819 7fbe1e277a00                Options.max_file_opening_threads: 16
2018/05/02-06:55:37.854820 7fbe1e277a00                              Options.statistics: 0x1472c70
2018/05/02-06:55:37.854821 7fbe1e277a00                               Options.use_fsync: 0
2018/05/02-06:55:37.854822 7fbe1e277a00                       Options.max_log_file_size: 0
2018/05/02-06:55:37.854823 7fbe1e277a00                  Options.max_manifest_file_size: 18446744073709551615
2018/05/02-06:55:37.854824 7fbe1e277a00                   Options.log_file_time_to_roll: 0
2018/05/02-06:55:37.854825 7fbe1e277a00                       Options.keep_log_file_num: 1000
2018/05/02-06:55:37.854826 7fbe1e277a00                    Options.recycle_log_file_num: 0
2018/05/02-06:55:37.854827 7fbe1e277a00                         Options.allow_fallocate: 1
2018/05/02-06:55:37.854828 7fbe1e277a00                        Options.allow_mmap_reads: 0
2018/05/02-06:55:37.854829 7fbe1e277a00                       Options.allow_mmap_writes: 0
2018/05/02-06:55:37.854830 7fbe1e277a00                        Options.use_direct_reads: 0
2018/05/02-06:55:37.854830 7fbe1e277a00                        Options.use_direct_io_for_flush_and_compaction: 0
2018/05/02-06:55:37.854832 7fbe1e277a00          Options.create_missing_column_families: 0
2018/05/02-06:55:37.854833 7fbe1e277a00                              Options.db_log_dir: 
2018/05/02-06:55:37.854834 7fbe1e277a00                                 Options.wal_dir: /mnt/rocksdb
2018/05/02-06:55:37.854835 7fbe1e277a00                Options.table_cache_numshardbits: 4
2018/05/02-06:55:37.854835 7fbe1e277a00                      Options.max_subcompactions: 1
2018/05/02-06:55:37.854836 7fbe1e277a00                  Options.max_background_flushes: -1
2018/05/02-06:55:37.854837 7fbe1e277a00                         Options.WAL_ttl_seconds: 0
2018/05/02-06:55:37.854838 7fbe1e277a00                       Options.WAL_size_limit_MB: 0
2018/05/02-06:55:37.854839 7fbe1e277a00             Options.manifest_preallocation_size: 4194304
2018/05/02-06:55:37.854840 7fbe1e277a00                     Options.is_fd_close_on_exec: 1
2018/05/02-06:55:37.854841 7fbe1e277a00                   Options.advise_random_on_open: 1
2018/05/02-06:55:37.854842 7fbe1e277a00                    Options.db_write_buffer_size: 0
2018/05/02-06:55:37.854843 7fbe1e277a00                    Options.write_buffer_manager: 0x148a560
2018/05/02-06:55:37.854844 7fbe1e277a00         Options.access_hint_on_compaction_start: 1
2018/05/02-06:55:37.854845 7fbe1e277a00  Options.new_table_reader_for_compaction_inputs: 1
2018/05/02-06:55:37.854846 7fbe1e277a00           Options.random_access_max_buffer_size: 1048576
2018/05/02-06:55:37.854847 7fbe1e277a00                      Options.use_adaptive_mutex: 0
2018/05/02-06:55:37.854848 7fbe1e277a00                            Options.rate_limiter: (nil)
2018/05/02-06:55:37.854849 7fbe1e277a00     Options.sst_file_manager.rate_bytes_per_sec: 0
2018/05/02-06:55:37.854850 7fbe1e277a00                       Options.wal_recovery_mode: 2
2018/05/02-06:55:37.854851 7fbe1e277a00                  Options.enable_thread_tracking: 0
2018/05/02-06:55:37.854852 7fbe1e277a00                  Options.enable_pipelined_write: 0
2018/05/02-06:55:37.854858 7fbe1e277a00         Options.allow_concurrent_memtable_write: 0
2018/05/02-06:55:37.854859 7fbe1e277a00      Options.enable_write_thread_adaptive_yield: 1
2018/05/02-06:55:37.854860 7fbe1e277a00             Options.write_thread_max_yield_usec: 100
2018/05/02-06:55:37.854860 7fbe1e277a00            Options.write_thread_slow_yield_usec: 3
2018/05/02-06:55:37.854861 7fbe1e277a00                               Options.row_cache: None
2018/05/02-06:55:37.854862 7fbe1e277a00                              Options.wal_filter: None
2018/05/02-06:55:37.854863 7fbe1e277a00             Options.avoid_flush_during_recovery: 0
2018/05/02-06:55:37.854864 7fbe1e277a00             Options.allow_ingest_behind: 0
2018/05/02-06:55:37.854865 7fbe1e277a00             Options.preserve_deletes: 0
2018/05/02-06:55:37.854866 7fbe1e277a00             Options.two_write_queues: 0
2018/05/02-06:55:37.854867 7fbe1e277a00             Options.manual_wal_flush: 0
2018/05/02-06:55:37.854868 7fbe1e277a00             Options.max_background_jobs: 2
2018/05/02-06:55:37.854869 7fbe1e277a00             Options.max_background_compactions: -1
2018/05/02-06:55:37.854870 7fbe1e277a00             Options.avoid_flush_during_shutdown: 0
2018/05/02-06:55:37.854871 7fbe1e277a00           Options.writable_file_max_buffer_size: 1048576
2018/05/02-06:55:37.854872 7fbe1e277a00             Options.delayed_write_rate : 8388608
2018/05/02-06:55:37.854873 7fbe1e277a00             Options.max_total_wal_size: 0
2018/05/02-06:55:37.854874 7fbe1e277a00             Options.delete_obsolete_files_period_micros: 21600000000
2018/05/02-06:55:37.854875 7fbe1e277a00                   Options.stats_dump_period_sec: 600
2018/05/02-06:55:37.854876 7fbe1e277a00                          Options.max_open_files: -1
2018/05/02-06:55:37.854877 7fbe1e277a00                          Options.bytes_per_sync: 0
2018/05/02-06:55:37.854878 7fbe1e277a00                      Options.wal_bytes_per_sync: 0
2018/05/02-06:55:37.854879 7fbe1e277a00       Options.compaction_readahead_size: 0
2018/05/02-06:55:37.854880 7fbe1e277a00 Compression algorithms supported:
2018/05/02-06:55:37.854881 7fbe1e277a00 	kZSTDNotFinalCompression supported: 1
2018/05/02-06:55:37.854883 7fbe1e277a00 	kZSTD supported: 0
2018/05/02-06:55:37.854884 7fbe1e277a00 	kXpressCompression supported: 0
2018/05/02-06:55:37.854885 7fbe1e277a00 	kLZ4HCCompression supported: 1
2018/05/02-06:55:37.854887 7fbe1e277a00 	kLZ4Compression supported: 1
2018/05/02-06:55:37.854888 7fbe1e277a00 	kBZip2Compression supported: 1
2018/05/02-06:55:37.854889 7fbe1e277a00 	kZlibCompression supported: 1
2018/05/02-06:55:37.854890 7fbe1e277a00 	kSnappyCompression supported: 1
2018/05/02-06:55:37.854896 7fbe1e277a00 Fast CRC32 supported: Supported on x86
2018/05/02-06:55:37.854921 7fbe1e277a00 [db/db_impl_open.cc:222] Creating manifest 1 
2018/05/02-06:55:37.879572 7fbe1e277a00 [db/version_set.cc:3088] Recovering from manifest file: MANIFEST-000001
2018/05/02-06:55:37.879618 7fbe1e277a00 [db/column_family.cc:474] --------------- Options for column family [default]:
2018/05/02-06:55:37.879620 7fbe1e277a00               Options.comparator: leveldb.BytewiseComparator
2018/05/02-06:55:37.879621 7fbe1e277a00           Options.merge_operator: None
2018/05/02-06:55:37.879622 7fbe1e277a00        Options.compaction_filter: None
2018/05/02-06:55:37.879623 7fbe1e277a00        Options.compaction_filter_factory: None
2018/05/02-06:55:37.879625 7fbe1e277a00         Options.memtable_factory: HashCuckooRepFactory
2018/05/02-06:55:37.879626 7fbe1e277a00            Options.table_factory: BlockBasedTable
2018/05/02-06:55:37.879654 7fbe1e277a00            table_factory options:   flush_block_policy_factory: FlushBlockBySizePolicyFactory (0x147d130)
  cache_index_and_filter_blocks: 0
  cache_index_and_filter_blocks_with_high_priority: 0
  pin_l0_filter_and_index_blocks_in_cache: 0
  index_type: 0
  hash_index_allow_collision: 1
  checksum: 1
  no_block_cache: 0
  block_cache: 0x14727d0
  block_cache_name: LRUCache
  block_cache_options:
    capacity : 8388608
    num_shard_bits : 6
    strict_capacity_limit : 0
    high_pri_pool_ratio: 0.000
  block_cache_compressed: (nil)
  persistent_cache: (nil)
  block_size: 4096
  block_size_deviation: 10
  block_restart_interval: 16
  index_block_restart_interval: 1
  metadata_block_size: 4096
  partition_filters: 0
  use_delta_encoding: 1
  filter_policy: nullptr
  whole_key_filtering: 1
  verify_compression: 0
  read_amp_bytes_per_bit: 0
  format_version: 2
  enable_index_compression: 1
  block_align: 0
2018/05/02-06:55:37.879666 7fbe1e277a00        Options.write_buffer_size: 17179869184
2018/05/02-06:55:37.879667 7fbe1e277a00  Options.max_write_buffer_number: 2
2018/05/02-06:55:37.879669 7fbe1e277a00          Options.compression: Snappy
2018/05/02-06:55:37.879670 7fbe1e277a00                  Options.bottommost_compression: Disabled
2018/05/02-06:55:37.879672 7fbe1e277a00       Options.prefix_extractor: rocksdb.FixedPrefix.8
2018/05/02-06:55:37.879673 7fbe1e277a00   Options.memtable_insert_with_hint_prefix_extractor: nullptr
2018/05/02-06:55:37.879674 7fbe1e277a00             Options.num_levels: 7
2018/05/02-06:55:37.879675 7fbe1e277a00        Options.min_write_buffer_number_to_merge: 1
2018/05/02-06:55:37.879676 7fbe1e277a00     Options.max_write_buffer_number_to_maintain: 0
2018/05/02-06:55:37.879677 7fbe1e277a00            Options.compression_opts.window_bits: -14
2018/05/02-06:55:37.879678 7fbe1e277a00                  Options.compression_opts.level: -1
2018/05/02-06:55:37.879679 7fbe1e277a00               Options.compression_opts.strategy: 0
2018/05/02-06:55:37.879680 7fbe1e277a00         Options.compression_opts.max_dict_bytes: 0
2018/05/02-06:55:37.879681 7fbe1e277a00         Options.compression_opts.zstd_max_train_bytes: 0
2018/05/02-06:55:37.879682 7fbe1e277a00      Options.level0_file_num_compaction_trigger: 4
2018/05/02-06:55:37.879683 7fbe1e277a00          Options.level0_slowdown_writes_trigger: 20
2018/05/02-06:55:37.879684 7fbe1e277a00              Options.level0_stop_writes_trigger: 36
2018/05/02-06:55:37.879685 7fbe1e277a00                   Options.target_file_size_base: 67108864
2018/05/02-06:55:37.879686 7fbe1e277a00             Options.target_file_size_multiplier: 1
2018/05/02-06:55:37.879687 7fbe1e277a00                Options.max_bytes_for_level_base: 268435456
2018/05/02-06:55:37.879688 7fbe1e277a00 Options.level_compaction_dynamic_level_bytes: 0
2018/05/02-06:55:37.879689 7fbe1e277a00          Options.max_bytes_for_level_multiplier: 10.000000
2018/05/02-06:55:37.879692 7fbe1e277a00 Options.max_bytes_for_level_multiplier_addtl[0]: 1
2018/05/02-06:55:37.879693 7fbe1e277a00 Options.max_bytes_for_level_multiplier_addtl[1]: 1
2018/05/02-06:55:37.879694 7fbe1e277a00 Options.max_bytes_for_level_multiplier_addtl[2]: 1
2018/05/02-06:55:37.879695 7fbe1e277a00 Options.max_bytes_for_level_multiplier_addtl[3]: 1
2018/05/02-06:55:37.879696 7fbe1e277a00 Options.max_bytes_for_level_multiplier_addtl[4]: 1
2018/05/02-06:55:37.879697 7fbe1e277a00 Options.max_bytes_for_level_multiplier_addtl[5]: 1
2018/05/02-06:55:37.879698 7fbe1e277a00 Options.max_bytes_for_level_multiplier_addtl[6]: 1
2018/05/02-06:55:37.879699 7fbe1e277a00       Options.max_sequential_skip_in_iterations: 8
2018/05/02-06:55:37.879700 7fbe1e277a00                    Options.max_compaction_bytes: 1677721600
2018/05/02-06:55:37.879701 7fbe1e277a00                        Options.arena_block_size: 2147483648
2018/05/02-06:55:37.879702 7fbe1e277a00   Options.soft_pending_compaction_bytes_limit: 68719476736
2018/05/02-06:55:37.879703 7fbe1e277a00   Options.hard_pending_compaction_bytes_limit: 137438953472
2018/05/02-06:55:37.879704 7fbe1e277a00       Options.rate_limit_delay_max_milliseconds: 1000
2018/05/02-06:55:37.879705 7fbe1e277a00                Options.disable_auto_compactions: 0
2018/05/02-06:55:37.879706 7fbe1e277a00                        Options.compaction_style: kCompactionStyleLevel
2018/05/02-06:55:37.879708 7fbe1e277a00                          Options.compaction_pri: kByCompensatedSize
2018/05/02-06:55:37.879709 7fbe1e277a00 Options.compaction_options_universal.size_ratio: 1
2018/05/02-06:55:37.879714 7fbe1e277a00 Options.compaction_options_universal.min_merge_width: 2
2018/05/02-06:55:37.879715 7fbe1e277a00 Options.compaction_options_universal.max_merge_width: 4294967295
2018/05/02-06:55:37.879716 7fbe1e277a00 Options.compaction_options_universal.max_size_amplification_percent: 200
2018/05/02-06:55:37.879717 7fbe1e277a00 Options.compaction_options_universal.compression_size_percent: -1
2018/05/02-06:55:37.879719 7fbe1e277a00 Options.compaction_options_universal.stop_style: kCompactionStopStyleTotalSize
2018/05/02-06:55:37.879720 7fbe1e277a00 Options.compaction_options_fifo.max_table_files_size: 0
2018/05/02-06:55:37.879721 7fbe1e277a00 Options.compaction_options_fifo.allow_compaction: 1
2018/05/02-06:55:37.879722 7fbe1e277a00 Options.compaction_options_fifo.ttl: 0
2018/05/02-06:55:37.879723 7fbe1e277a00                   Options.table_properties_collectors: 
2018/05/02-06:55:37.879724 7fbe1e277a00                   Options.inplace_update_support: 0
2018/05/02-06:55:37.879725 7fbe1e277a00                 Options.inplace_update_num_locks: 10000
2018/05/02-06:55:37.879726 7fbe1e277a00               Options.memtable_prefix_bloom_size_ratio: 0.000000
2018/05/02-06:55:37.879727 7fbe1e277a00   Options.memtable_huge_page_size: 0
2018/05/02-06:55:37.879728 7fbe1e277a00                           Options.bloom_locality: 0
2018/05/02-06:55:37.879729 7fbe1e277a00                    Options.max_successive_merges: 0
2018/05/02-06:55:37.879730 7fbe1e277a00                Options.optimize_filters_for_hits: 0
2018/05/02-06:55:37.879731 7fbe1e277a00                Options.paranoid_file_checks: 0
2018/05/02-06:55:37.879732 7fbe1e277a00                Options.force_consistency_checks: 0
2018/05/02-06:55:37.879733 7fbe1e277a00                Options.report_bg_io_stats: 0
2018/05/02-06:55:37.879734 7fbe1e277a00                               Options.ttl: 0
2018/05/02-06:55:38.084724 7fbe1e277a00 [db/version_set.cc:3362] Recovered from manifest file:/mnt/rocksdb/MANIFEST-000001 succeeded,manifest_file_number is 1, next_file_number is 3, last_sequence is 0, log_number is 0,prev_log_number is 0,max_column_family is 0,deleted_log_number is 0
2018/05/02-06:55:38.084738 7fbe1e277a00 [db/version_set.cc:3370] Column family [default] (ID 0), log number is 0
2018/05/02-06:55:38.089523 7fbe1e277a00 [db/db_impl_open.cc:1218] DB pointer 0x1480e10
2018/05/02-06:55:40.643519 7fbe1e277a00 [db/db_impl.cc:252] Shutdown: canceling all background work
2018/05/02-06:55:40.646716 7fbe1e277a00 [db/db_impl.cc:397] Shutdown complete
