2018/05/02-07:27:57.516757 7f8af01aca00 RocksDB version: 5.13.0
2018/05/02-07:27:57.516782 7f8af01aca00 Git sha rocksdb_build_git_sha:ad155921d831611af1b50dbe0a3ed0dbc6dd5313
2018/05/02-07:27:57.516784 7f8af01aca00 Compile date Apr 30 2018
2018/05/02-07:27:57.516786 7f8af01aca00 DB SUMMARY
2018/05/02-07:27:57.516795 7f8af01aca00 SST files in /mnt/rocksdb dir, Total Num: 0, files: 
2018/05/02-07:27:57.516797 7f8af01aca00 Write Ahead Log file in /mnt/rocksdb: 
2018/05/02-07:27:57.516799 7f8af01aca00                         Options.error_if_exists: 0
2018/05/02-07:27:57.516800 7f8af01aca00                       Options.create_if_missing: 1
2018/05/02-07:27:57.516801 7f8af01aca00                         Options.paranoid_checks: 1
2018/05/02-07:27:57.516802 7f8af01aca00                                     Options.env: 0xb179a0
2018/05/02-07:27:57.516803 7f8af01aca00                                Options.info_log: 0x2507680
2018/05/02-07:27:57.516804 7f8af01aca00                Options.max_file_opening_threads: 16
2018/05/02-07:27:57.516805 7f8af01aca00                              Options.statistics: 0x24efc70
2018/05/02-07:27:57.516806 7f8af01aca00                               Options.use_fsync: 0
2018/05/02-07:27:57.516807 7f8af01aca00                       Options.max_log_file_size: 0
2018/05/02-07:27:57.516808 7f8af01aca00                  Options.max_manifest_file_size: 18446744073709551615
2018/05/02-07:27:57.516809 7f8af01aca00                   Options.log_file_time_to_roll: 0
2018/05/02-07:27:57.516810 7f8af01aca00                       Options.keep_log_file_num: 1000
2018/05/02-07:27:57.516811 7f8af01aca00                    Options.recycle_log_file_num: 0
2018/05/02-07:27:57.516812 7f8af01aca00                         Options.allow_fallocate: 1
2018/05/02-07:27:57.516813 7f8af01aca00                        Options.allow_mmap_reads: 0
2018/05/02-07:27:57.516814 7f8af01aca00                       Options.allow_mmap_writes: 0
2018/05/02-07:27:57.516815 7f8af01aca00                        Options.use_direct_reads: 0
2018/05/02-07:27:57.516816 7f8af01aca00                        Options.use_direct_io_for_flush_and_compaction: 0
2018/05/02-07:27:57.516817 7f8af01aca00          Options.create_missing_column_families: 0
2018/05/02-07:27:57.516818 7f8af01aca00                              Options.db_log_dir: 
2018/05/02-07:27:57.516819 7f8af01aca00                                 Options.wal_dir: /mnt/rocksdb
2018/05/02-07:27:57.516820 7f8af01aca00                Options.table_cache_numshardbits: 4
2018/05/02-07:27:57.516821 7f8af01aca00                      Options.max_subcompactions: 1
2018/05/02-07:27:57.516822 7f8af01aca00                  Options.max_background_flushes: -1
2018/05/02-07:27:57.516823 7f8af01aca00                         Options.WAL_ttl_seconds: 0
2018/05/02-07:27:57.516824 7f8af01aca00                       Options.WAL_size_limit_MB: 0
2018/05/02-07:27:57.516824 7f8af01aca00             Options.manifest_preallocation_size: 4194304
2018/05/02-07:27:57.516825 7f8af01aca00                     Options.is_fd_close_on_exec: 1
2018/05/02-07:27:57.516826 7f8af01aca00                   Options.advise_random_on_open: 1
2018/05/02-07:27:57.516827 7f8af01aca00                    Options.db_write_buffer_size: 0
2018/05/02-07:27:57.516828 7f8af01aca00                    Options.write_buffer_manager: 0x24fefe0
2018/05/02-07:27:57.516829 7f8af01aca00         Options.access_hint_on_compaction_start: 1
2018/05/02-07:27:57.516830 7f8af01aca00  Options.new_table_reader_for_compaction_inputs: 1
2018/05/02-07:27:57.516831 7f8af01aca00           Options.random_access_max_buffer_size: 1048576
2018/05/02-07:27:57.516832 7f8af01aca00                      Options.use_adaptive_mutex: 0
2018/05/02-07:27:57.516833 7f8af01aca00                            Options.rate_limiter: (nil)
2018/05/02-07:27:57.516835 7f8af01aca00     Options.sst_file_manager.rate_bytes_per_sec: 0
2018/05/02-07:27:57.516836 7f8af01aca00                       Options.wal_recovery_mode: 2
2018/05/02-07:27:57.516837 7f8af01aca00                  Options.enable_thread_tracking: 0
2018/05/02-07:27:57.516838 7f8af01aca00                  Options.enable_pipelined_write: 0
2018/05/02-07:27:57.516843 7f8af01aca00         Options.allow_concurrent_memtable_write: 0
2018/05/02-07:27:57.516844 7f8af01aca00      Options.enable_write_thread_adaptive_yield: 1
2018/05/02-07:27:57.516845 7f8af01aca00             Options.write_thread_max_yield_usec: 100
2018/05/02-07:27:57.516846 7f8af01aca00            Options.write_thread_slow_yield_usec: 3
2018/05/02-07:27:57.516847 7f8af01aca00                               Options.row_cache: None
2018/05/02-07:27:57.516848 7f8af01aca00                              Options.wal_filter: None
2018/05/02-07:27:57.516849 7f8af01aca00             Options.avoid_flush_during_recovery: 0
2018/05/02-07:27:57.516850 7f8af01aca00             Options.allow_ingest_behind: 0
2018/05/02-07:27:57.516851 7f8af01aca00             Options.preserve_deletes: 0
2018/05/02-07:27:57.516852 7f8af01aca00             Options.two_write_queues: 0
2018/05/02-07:27:57.516853 7f8af01aca00             Options.manual_wal_flush: 0
2018/05/02-07:27:57.516854 7f8af01aca00             Options.max_background_jobs: 2
2018/05/02-07:27:57.516855 7f8af01aca00             Options.max_background_compactions: -1
2018/05/02-07:27:57.516856 7f8af01aca00             Options.avoid_flush_during_shutdown: 0
2018/05/02-07:27:57.516857 7f8af01aca00           Options.writable_file_max_buffer_size: 1048576
2018/05/02-07:27:57.516858 7f8af01aca00             Options.delayed_write_rate : 8388608
2018/05/02-07:27:57.516859 7f8af01aca00             Options.max_total_wal_size: 0
2018/05/02-07:27:57.516860 7f8af01aca00             Options.delete_obsolete_files_period_micros: 21600000000
2018/05/02-07:27:57.516861 7f8af01aca00                   Options.stats_dump_period_sec: 600
2018/05/02-07:27:57.516862 7f8af01aca00                          Options.max_open_files: -1
2018/05/02-07:27:57.516863 7f8af01aca00                          Options.bytes_per_sync: 0
2018/05/02-07:27:57.516863 7f8af01aca00                      Options.wal_bytes_per_sync: 0
2018/05/02-07:27:57.516864 7f8af01aca00       Options.compaction_readahead_size: 0
2018/05/02-07:27:57.516865 7f8af01aca00 Compression algorithms supported:
2018/05/02-07:27:57.516867 7f8af01aca00 	kZSTDNotFinalCompression supported: 1
2018/05/02-07:27:57.516868 7f8af01aca00 	kZSTD supported: 0
2018/05/02-07:27:57.516870 7f8af01aca00 	kXpressCompression supported: 0
2018/05/02-07:27:57.516871 7f8af01aca00 	kLZ4HCCompression supported: 1
2018/05/02-07:27:57.516872 7f8af01aca00 	kLZ4Compression supported: 1
2018/05/02-07:27:57.516873 7f8af01aca00 	kBZip2Compression supported: 1
2018/05/02-07:27:57.516874 7f8af01aca00 	kZlibCompression supported: 1
2018/05/02-07:27:57.516875 7f8af01aca00 	kSnappyCompression supported: 1
2018/05/02-07:27:57.516882 7f8af01aca00 Fast CRC32 supported: Supported on x86
2018/05/02-07:27:57.516906 7f8af01aca00 [db/db_impl_open.cc:222] Creating manifest 1 
2018/05/02-07:27:57.545072 7f8af01aca00 [db/version_set.cc:3088] Recovering from manifest file: MANIFEST-000001
2018/05/02-07:27:57.545116 7f8af01aca00 [db/column_family.cc:474] --------------- Options for column family [default]:
2018/05/02-07:27:57.545118 7f8af01aca00               Options.comparator: leveldb.BytewiseComparator
2018/05/02-07:27:57.545119 7f8af01aca00           Options.merge_operator: None
2018/05/02-07:27:57.545120 7f8af01aca00        Options.compaction_filter: None
2018/05/02-07:27:57.545122 7f8af01aca00        Options.compaction_filter_factory: None
2018/05/02-07:27:57.545123 7f8af01aca00         Options.memtable_factory: HashCuckooRepFactory
2018/05/02-07:27:57.545124 7f8af01aca00            Options.table_factory: BlockBasedTable
2018/05/02-07:27:57.545152 7f8af01aca00            table_factory options:   flush_block_policy_factory: FlushBlockBySizePolicyFactory (0x24fa130)
  cache_index_and_filter_blocks: 0
  cache_index_and_filter_blocks_with_high_priority: 0
  pin_l0_filter_and_index_blocks_in_cache: 0
  index_type: 0
  hash_index_allow_collision: 1
  checksum: 1
  no_block_cache: 0
  block_cache: 0x24ef7d0
  block_cache_name: LRUCache
  block_cache_options:
    capacity : 8388608
    num_shard_bits : 6
    strict_capacity_limit : 0
    high_pri_pool_ratio: 0.000
  block_cache_compressed: (nil)
  persistent_cache: (nil)
  block_size: 4096
  block_size_deviation: 10
  block_restart_interval: 16
  index_block_restart_interval: 1
  metadata_block_size: 4096
  partition_filters: 0
  use_delta_encoding: 1
  filter_policy: nullptr
  whole_key_filtering: 1
  verify_compression: 0
  read_amp_bytes_per_bit: 0
  format_version: 2
  enable_index_compression: 1
  block_align: 0
2018/05/02-07:27:57.545164 7f8af01aca00        Options.write_buffer_size: 17179869184
2018/05/02-07:27:57.545166 7f8af01aca00  Options.max_write_buffer_number: 2
2018/05/02-07:27:57.545167 7f8af01aca00          Options.compression: Snappy
2018/05/02-07:27:57.545168 7f8af01aca00                  Options.bottommost_compression: Disabled
2018/05/02-07:27:57.545170 7f8af01aca00       Options.prefix_extractor: rocksdb.FixedPrefix.8
2018/05/02-07:27:57.545171 7f8af01aca00   Options.memtable_insert_with_hint_prefix_extractor: nullptr
2018/05/02-07:27:57.545172 7f8af01aca00             Options.num_levels: 7
2018/05/02-07:27:57.545173 7f8af01aca00        Options.min_write_buffer_number_to_merge: 1
2018/05/02-07:27:57.545174 7f8af01aca00     Options.max_write_buffer_number_to_maintain: 0
2018/05/02-07:27:57.545175 7f8af01aca00            Options.compression_opts.window_bits: -14
2018/05/02-07:27:57.545176 7f8af01aca00                  Options.compression_opts.level: -1
2018/05/02-07:27:57.545177 7f8af01aca00               Options.compression_opts.strategy: 0
2018/05/02-07:27:57.545178 7f8af01aca00         Options.compression_opts.max_dict_bytes: 0
2018/05/02-07:27:57.545179 7f8af01aca00         Options.compression_opts.zstd_max_train_bytes: 0
2018/05/02-07:27:57.545180 7f8af01aca00      Options.level0_file_num_compaction_trigger: 4
2018/05/02-07:27:57.545181 7f8af01aca00          Options.level0_slowdown_writes_trigger: 20
2018/05/02-07:27:57.545182 7f8af01aca00              Options.level0_stop_writes_trigger: 36
2018/05/02-07:27:57.545183 7f8af01aca00                   Options.target_file_size_base: 67108864
2018/05/02-07:27:57.545184 7f8af01aca00             Options.target_file_size_multiplier: 1
2018/05/02-07:27:57.545184 7f8af01aca00                Options.max_bytes_for_level_base: 268435456
2018/05/02-07:27:57.545186 7f8af01aca00 Options.level_compaction_dynamic_level_bytes: 0
2018/05/02-07:27:57.545187 7f8af01aca00          Options.max_bytes_for_level_multiplier: 10.000000
2018/05/02-07:27:57.545189 7f8af01aca00 Options.max_bytes_for_level_multiplier_addtl[0]: 1
2018/05/02-07:27:57.545190 7f8af01aca00 Options.max_bytes_for_level_multiplier_addtl[1]: 1
2018/05/02-07:27:57.545191 7f8af01aca00 Options.max_bytes_for_level_multiplier_addtl[2]: 1
2018/05/02-07:27:57.545192 7f8af01aca00 Options.max_bytes_for_level_multiplier_addtl[3]: 1
2018/05/02-07:27:57.545193 7f8af01aca00 Options.max_bytes_for_level_multiplier_addtl[4]: 1
2018/05/02-07:27:57.545194 7f8af01aca00 Options.max_bytes_for_level_multiplier_addtl[5]: 1
2018/05/02-07:27:57.545195 7f8af01aca00 Options.max_bytes_for_level_multiplier_addtl[6]: 1
2018/05/02-07:27:57.545196 7f8af01aca00       Options.max_sequential_skip_in_iterations: 8
2018/05/02-07:27:57.545197 7f8af01aca00                    Options.max_compaction_bytes: 1677721600
2018/05/02-07:27:57.545198 7f8af01aca00                        Options.arena_block_size: 2147483648
2018/05/02-07:27:57.545199 7f8af01aca00   Options.soft_pending_compaction_bytes_limit: 68719476736
2018/05/02-07:27:57.545200 7f8af01aca00   Options.hard_pending_compaction_bytes_limit: 137438953472
2018/05/02-07:27:57.545201 7f8af01aca00       Options.rate_limit_delay_max_milliseconds: 1000
2018/05/02-07:27:57.545202 7f8af01aca00                Options.disable_auto_compactions: 0
2018/05/02-07:27:57.545203 7f8af01aca00                        Options.compaction_style: kCompactionStyleLevel
2018/05/02-07:27:57.545205 7f8af01aca00                          Options.compaction_pri: kByCompensatedSize
2018/05/02-07:27:57.545206 7f8af01aca00 Options.compaction_options_universal.size_ratio: 1
2018/05/02-07:27:57.545211 7f8af01aca00 Options.compaction_options_universal.min_merge_width: 2
2018/05/02-07:27:57.545212 7f8af01aca00 Options.compaction_options_universal.max_merge_width: 4294967295
2018/05/02-07:27:57.545213 7f8af01aca00 Options.compaction_options_universal.max_size_amplification_percent: 200
2018/05/02-07:27:57.545214 7f8af01aca00 Options.compaction_options_universal.compression_size_percent: -1
2018/05/02-07:27:57.545216 7f8af01aca00 Options.compaction_options_universal.stop_style: kCompactionStopStyleTotalSize
2018/05/02-07:27:57.545217 7f8af01aca00 Options.compaction_options_fifo.max_table_files_size: 0
2018/05/02-07:27:57.545218 7f8af01aca00 Options.compaction_options_fifo.allow_compaction: 1
2018/05/02-07:27:57.545219 7f8af01aca00 Options.compaction_options_fifo.ttl: 0
2018/05/02-07:27:57.545220 7f8af01aca00                   Options.table_properties_collectors: 
2018/05/02-07:27:57.545221 7f8af01aca00                   Options.inplace_update_support: 0
2018/05/02-07:27:57.545222 7f8af01aca00                 Options.inplace_update_num_locks: 10000
2018/05/02-07:27:57.545223 7f8af01aca00               Options.memtable_prefix_bloom_size_ratio: 0.000000
2018/05/02-07:27:57.545224 7f8af01aca00   Options.memtable_huge_page_size: 0
2018/05/02-07:27:57.545225 7f8af01aca00                           Options.bloom_locality: 0
2018/05/02-07:27:57.545226 7f8af01aca00                    Options.max_successive_merges: 0
2018/05/02-07:27:57.545227 7f8af01aca00                Options.optimize_filters_for_hits: 0
2018/05/02-07:27:57.545228 7f8af01aca00                Options.paranoid_file_checks: 0
2018/05/02-07:27:57.545229 7f8af01aca00                Options.force_consistency_checks: 0
2018/05/02-07:27:57.545230 7f8af01aca00                Options.report_bg_io_stats: 0
2018/05/02-07:27:57.545231 7f8af01aca00                               Options.ttl: 0
2018/05/02-07:27:57.749648 7f8af01aca00 [db/version_set.cc:3362] Recovered from manifest file:/mnt/rocksdb/MANIFEST-000001 succeeded,manifest_file_number is 1, next_file_number is 3, last_sequence is 0, log_number is 0,prev_log_number is 0,max_column_family is 0,deleted_log_number is 0
2018/05/02-07:27:57.749660 7f8af01aca00 [db/version_set.cc:3370] Column family [default] (ID 0), log number is 0
2018/05/02-07:27:57.754725 7f8af01aca00 [db/db_impl_open.cc:1218] DB pointer 0x24f65b0
2018/05/02-07:27:59.614463 7f8af01aca00 [db/db_impl.cc:252] Shutdown: canceling all background work
2018/05/02-07:27:59.617691 7f8af01aca00 [db/db_impl.cc:397] Shutdown complete
