2018/05/02-08:57:32.772271 7f6203b71a00 RocksDB version: 5.13.0
2018/05/02-08:57:32.772301 7f6203b71a00 Git sha rocksdb_build_git_sha:3be9b364539d382ce282cad80b5c05c58fd2d8a7
2018/05/02-08:57:32.772303 7f6203b71a00 Compile date May  2 2018
2018/05/02-08:57:32.772305 7f6203b71a00 DB SUMMARY
2018/05/02-08:57:32.772314 7f6203b71a00 SST files in /mnt/rocksdb dir, Total Num: 0, files: 
2018/05/02-08:57:32.772316 7f6203b71a00 Write Ahead Log file in /mnt/rocksdb: 
2018/05/02-08:57:32.772318 7f6203b71a00                         Options.error_if_exists: 0
2018/05/02-08:57:32.772319 7f6203b71a00                       Options.create_if_missing: 1
2018/05/02-08:57:32.772320 7f6203b71a00                         Options.paranoid_checks: 1
2018/05/02-08:57:32.772321 7f6203b71a00                                     Options.env: 0xb139a0
2018/05/02-08:57:32.772323 7f6203b71a00                                Options.info_log: 0x1bbe6c0
2018/05/02-08:57:32.772324 7f6203b71a00                Options.max_file_opening_threads: 16
2018/05/02-08:57:32.772325 7f6203b71a00                              Options.statistics: 0x1bb6c70
2018/05/02-08:57:32.772326 7f6203b71a00                               Options.use_fsync: 0
2018/05/02-08:57:32.772327 7f6203b71a00                       Options.max_log_file_size: 0
2018/05/02-08:57:32.772328 7f6203b71a00                  Options.max_manifest_file_size: 18446744073709551615
2018/05/02-08:57:32.772329 7f6203b71a00                   Options.log_file_time_to_roll: 0
2018/05/02-08:57:32.772330 7f6203b71a00                       Options.keep_log_file_num: 1000
2018/05/02-08:57:32.772331 7f6203b71a00                    Options.recycle_log_file_num: 0
2018/05/02-08:57:32.772333 7f6203b71a00                         Options.allow_fallocate: 1
2018/05/02-08:57:32.772334 7f6203b71a00                        Options.allow_mmap_reads: 0
2018/05/02-08:57:32.772335 7f6203b71a00                       Options.allow_mmap_writes: 0
2018/05/02-08:57:32.772336 7f6203b71a00                        Options.use_direct_reads: 0
2018/05/02-08:57:32.772336 7f6203b71a00                        Options.use_direct_io_for_flush_and_compaction: 0
2018/05/02-08:57:32.772337 7f6203b71a00          Options.create_missing_column_families: 0
2018/05/02-08:57:32.772338 7f6203b71a00                              Options.db_log_dir: 
2018/05/02-08:57:32.772339 7f6203b71a00                                 Options.wal_dir: /mnt/rocksdb
2018/05/02-08:57:32.772340 7f6203b71a00                Options.table_cache_numshardbits: 4
2018/05/02-08:57:32.772341 7f6203b71a00                      Options.max_subcompactions: 1
2018/05/02-08:57:32.772342 7f6203b71a00                  Options.max_background_flushes: -1
2018/05/02-08:57:32.772343 7f6203b71a00                         Options.WAL_ttl_seconds: 0
2018/05/02-08:57:32.772344 7f6203b71a00                       Options.WAL_size_limit_MB: 0
2018/05/02-08:57:32.772345 7f6203b71a00             Options.manifest_preallocation_size: 4194304
2018/05/02-08:57:32.772346 7f6203b71a00                     Options.is_fd_close_on_exec: 1
2018/05/02-08:57:32.772347 7f6203b71a00                   Options.advise_random_on_open: 1
2018/05/02-08:57:32.772348 7f6203b71a00                    Options.db_write_buffer_size: 0
2018/05/02-08:57:32.772349 7f6203b71a00                    Options.write_buffer_manager: 0x1bbe630
2018/05/02-08:57:32.772350 7f6203b71a00         Options.access_hint_on_compaction_start: 1
2018/05/02-08:57:32.772351 7f6203b71a00  Options.new_table_reader_for_compaction_inputs: 1
2018/05/02-08:57:32.772352 7f6203b71a00           Options.random_access_max_buffer_size: 1048576
2018/05/02-08:57:32.772353 7f6203b71a00                      Options.use_adaptive_mutex: 0
2018/05/02-08:57:32.772354 7f6203b71a00                            Options.rate_limiter: (nil)
2018/05/02-08:57:32.772355 7f6203b71a00     Options.sst_file_manager.rate_bytes_per_sec: 0
2018/05/02-08:57:32.772356 7f6203b71a00                       Options.wal_recovery_mode: 2
2018/05/02-08:57:32.772357 7f6203b71a00                  Options.enable_thread_tracking: 0
2018/05/02-08:57:32.772358 7f6203b71a00                  Options.enable_pipelined_write: 0
2018/05/02-08:57:32.772364 7f6203b71a00         Options.allow_concurrent_memtable_write: 0
2018/05/02-08:57:32.772365 7f6203b71a00      Options.enable_write_thread_adaptive_yield: 1
2018/05/02-08:57:32.772366 7f6203b71a00             Options.write_thread_max_yield_usec: 100
2018/05/02-08:57:32.772367 7f6203b71a00            Options.write_thread_slow_yield_usec: 3
2018/05/02-08:57:32.772368 7f6203b71a00                               Options.row_cache: None
2018/05/02-08:57:32.772369 7f6203b71a00                              Options.wal_filter: None
2018/05/02-08:57:32.772370 7f6203b71a00             Options.avoid_flush_during_recovery: 0
2018/05/02-08:57:32.772371 7f6203b71a00             Options.allow_ingest_behind: 0
2018/05/02-08:57:32.772372 7f6203b71a00             Options.preserve_deletes: 0
2018/05/02-08:57:32.772373 7f6203b71a00             Options.two_write_queues: 0
2018/05/02-08:57:32.772374 7f6203b71a00             Options.manual_wal_flush: 0
2018/05/02-08:57:32.772375 7f6203b71a00             Options.max_background_jobs: 2
2018/05/02-08:57:32.772376 7f6203b71a00             Options.max_background_compactions: -1
2018/05/02-08:57:32.772377 7f6203b71a00             Options.avoid_flush_during_shutdown: 0
2018/05/02-08:57:32.772378 7f6203b71a00           Options.writable_file_max_buffer_size: 1048576
2018/05/02-08:57:32.772379 7f6203b71a00             Options.delayed_write_rate : 8388608
2018/05/02-08:57:32.772380 7f6203b71a00             Options.max_total_wal_size: 0
2018/05/02-08:57:32.772381 7f6203b71a00             Options.delete_obsolete_files_period_micros: 21600000000
2018/05/02-08:57:32.772382 7f6203b71a00                   Options.stats_dump_period_sec: 600
2018/05/02-08:57:32.772383 7f6203b71a00                          Options.max_open_files: -1
2018/05/02-08:57:32.772384 7f6203b71a00                          Options.bytes_per_sync: 0
2018/05/02-08:57:32.772385 7f6203b71a00                      Options.wal_bytes_per_sync: 0
2018/05/02-08:57:32.772385 7f6203b71a00       Options.compaction_readahead_size: 0
2018/05/02-08:57:32.772386 7f6203b71a00 Compression algorithms supported:
2018/05/02-08:57:32.772388 7f6203b71a00 	kZSTDNotFinalCompression supported: 1
2018/05/02-08:57:32.772390 7f6203b71a00 	kZSTD supported: 0
2018/05/02-08:57:32.772391 7f6203b71a00 	kXpressCompression supported: 0
2018/05/02-08:57:32.772392 7f6203b71a00 	kLZ4HCCompression supported: 1
2018/05/02-08:57:32.772393 7f6203b71a00 	kLZ4Compression supported: 1
2018/05/02-08:57:32.772394 7f6203b71a00 	kBZip2Compression supported: 1
2018/05/02-08:57:32.772395 7f6203b71a00 	kZlibCompression supported: 1
2018/05/02-08:57:32.772397 7f6203b71a00 	kSnappyCompression supported: 1
2018/05/02-08:57:32.772402 7f6203b71a00 Fast CRC32 supported: Supported on x86
2018/05/02-08:57:32.772426 7f6203b71a00 [db/db_impl_open.cc:222] Creating manifest 1 
2018/05/02-08:57:32.796203 7f6203b71a00 [db/version_set.cc:3096] Recovering from manifest file: MANIFEST-000001
2018/05/02-08:57:32.796246 7f6203b71a00 [db/column_family.cc:475] --------------- Options for column family [default]:
2018/05/02-08:57:32.796248 7f6203b71a00               Options.comparator: leveldb.BytewiseComparator
2018/05/02-08:57:32.796249 7f6203b71a00           Options.merge_operator: None
2018/05/02-08:57:32.796250 7f6203b71a00        Options.compaction_filter: None
2018/05/02-08:57:32.796252 7f6203b71a00        Options.compaction_filter_factory: None
2018/05/02-08:57:32.796253 7f6203b71a00         Options.memtable_factory: HashCuckooRepFactory
2018/05/02-08:57:32.796254 7f6203b71a00            Options.table_factory: BlockBasedTable
2018/05/02-08:57:32.796276 7f6203b71a00            table_factory options:   flush_block_policy_factory: FlushBlockBySizePolicyFactory (0x1bc1150)
  cache_index_and_filter_blocks: 0
  cache_index_and_filter_blocks_with_high_priority: 0
  pin_l0_filter_and_index_blocks_in_cache: 0
  index_type: 0
  hash_index_allow_collision: 1
  checksum: 1
  no_block_cache: 0
  block_cache: 0x1bb67d0
  block_cache_name: LRUCache
  block_cache_options:
    capacity : 8388608
    num_shard_bits : 6
    strict_capacity_limit : 0
    high_pri_pool_ratio: 0.000
  block_cache_compressed: (nil)
  persistent_cache: (nil)
  block_size: 4096
  block_size_deviation: 10
  block_restart_interval: 16
  index_block_restart_interval: 1
  metadata_block_size: 4096
  partition_filters: 0
  use_delta_encoding: 1
  filter_policy: nullptr
  whole_key_filtering: 1
  verify_compression: 0
  read_amp_bytes_per_bit: 0
  format_version: 2
  enable_index_compression: 1
  block_align: 0
2018/05/02-08:57:32.796289 7f6203b71a00        Options.write_buffer_size: 17179869184
2018/05/02-08:57:32.796291 7f6203b71a00  Options.max_write_buffer_number: 2
2018/05/02-08:57:32.796292 7f6203b71a00          Options.compression: Snappy
2018/05/02-08:57:32.796293 7f6203b71a00                  Options.bottommost_compression: Disabled
2018/05/02-08:57:32.796295 7f6203b71a00       Options.prefix_extractor: rocksdb.FixedPrefix.8
2018/05/02-08:57:32.796296 7f6203b71a00   Options.memtable_insert_with_hint_prefix_extractor: nullptr
2018/05/02-08:57:32.796297 7f6203b71a00             Options.num_levels: 7
2018/05/02-08:57:32.796298 7f6203b71a00        Options.min_write_buffer_number_to_merge: 1
2018/05/02-08:57:32.796299 7f6203b71a00     Options.max_write_buffer_number_to_maintain: 0
2018/05/02-08:57:32.796300 7f6203b71a00            Options.compression_opts.window_bits: -14
2018/05/02-08:57:32.796301 7f6203b71a00                  Options.compression_opts.level: -1
2018/05/02-08:57:32.796302 7f6203b71a00               Options.compression_opts.strategy: 0
2018/05/02-08:57:32.796303 7f6203b71a00         Options.compression_opts.max_dict_bytes: 0
2018/05/02-08:57:32.796304 7f6203b71a00         Options.compression_opts.zstd_max_train_bytes: 0
2018/05/02-08:57:32.796305 7f6203b71a00      Options.level0_file_num_compaction_trigger: 4
2018/05/02-08:57:32.796306 7f6203b71a00          Options.level0_slowdown_writes_trigger: 20
2018/05/02-08:57:32.796307 7f6203b71a00              Options.level0_stop_writes_trigger: 36
2018/05/02-08:57:32.796308 7f6203b71a00                   Options.target_file_size_base: 67108864
2018/05/02-08:57:32.796309 7f6203b71a00             Options.target_file_size_multiplier: 1
2018/05/02-08:57:32.796310 7f6203b71a00                Options.max_bytes_for_level_base: 268435456
2018/05/02-08:57:32.796311 7f6203b71a00 Options.level_compaction_dynamic_level_bytes: 0
2018/05/02-08:57:32.796312 7f6203b71a00          Options.max_bytes_for_level_multiplier: 10.000000
2018/05/02-08:57:32.796314 7f6203b71a00 Options.max_bytes_for_level_multiplier_addtl[0]: 1
2018/05/02-08:57:32.796315 7f6203b71a00 Options.max_bytes_for_level_multiplier_addtl[1]: 1
2018/05/02-08:57:32.796316 7f6203b71a00 Options.max_bytes_for_level_multiplier_addtl[2]: 1
2018/05/02-08:57:32.796317 7f6203b71a00 Options.max_bytes_for_level_multiplier_addtl[3]: 1
2018/05/02-08:57:32.796318 7f6203b71a00 Options.max_bytes_for_level_multiplier_addtl[4]: 1
2018/05/02-08:57:32.796319 7f6203b71a00 Options.max_bytes_for_level_multiplier_addtl[5]: 1
2018/05/02-08:57:32.796320 7f6203b71a00 Options.max_bytes_for_level_multiplier_addtl[6]: 1
2018/05/02-08:57:32.796321 7f6203b71a00       Options.max_sequential_skip_in_iterations: 8
2018/05/02-08:57:32.796322 7f6203b71a00                    Options.max_compaction_bytes: 1677721600
2018/05/02-08:57:32.796323 7f6203b71a00                        Options.arena_block_size: 2147483648
2018/05/02-08:57:32.796324 7f6203b71a00   Options.soft_pending_compaction_bytes_limit: 68719476736
2018/05/02-08:57:32.796325 7f6203b71a00   Options.hard_pending_compaction_bytes_limit: 137438953472
2018/05/02-08:57:32.796326 7f6203b71a00       Options.rate_limit_delay_max_milliseconds: 1000
2018/05/02-08:57:32.796327 7f6203b71a00                Options.disable_auto_compactions: 0
2018/05/02-08:57:32.796329 7f6203b71a00                        Options.compaction_style: kCompactionStyleLevel
2018/05/02-08:57:32.796331 7f6203b71a00                          Options.compaction_pri: kByCompensatedSize
2018/05/02-08:57:32.796332 7f6203b71a00 Options.compaction_options_universal.size_ratio: 1
2018/05/02-08:57:32.796337 7f6203b71a00 Options.compaction_options_universal.min_merge_width: 2
2018/05/02-08:57:32.796338 7f6203b71a00 Options.compaction_options_universal.max_merge_width: 4294967295
2018/05/02-08:57:32.796339 7f6203b71a00 Options.compaction_options_universal.max_size_amplification_percent: 200
2018/05/02-08:57:32.796340 7f6203b71a00 Options.compaction_options_universal.compression_size_percent: -1
2018/05/02-08:57:32.796341 7f6203b71a00 Options.compaction_options_universal.stop_style: kCompactionStopStyleTotalSize
2018/05/02-08:57:32.796343 7f6203b71a00 Options.compaction_options_fifo.max_table_files_size: 0
2018/05/02-08:57:32.796344 7f6203b71a00 Options.compaction_options_fifo.allow_compaction: 1
2018/05/02-08:57:32.796345 7f6203b71a00 Options.compaction_options_fifo.ttl: 0
2018/05/02-08:57:32.796346 7f6203b71a00                   Options.table_properties_collectors: 
2018/05/02-08:57:32.796347 7f6203b71a00                   Options.inplace_update_support: 0
2018/05/02-08:57:32.796348 7f6203b71a00                 Options.inplace_update_num_locks: 10000
2018/05/02-08:57:32.796349 7f6203b71a00               Options.memtable_prefix_bloom_size_ratio: 0.000000
2018/05/02-08:57:32.796350 7f6203b71a00   Options.memtable_huge_page_size: 0
2018/05/02-08:57:32.796351 7f6203b71a00                           Options.bloom_locality: 0
2018/05/02-08:57:32.796352 7f6203b71a00                    Options.max_successive_merges: 0
2018/05/02-08:57:32.796353 7f6203b71a00                Options.optimize_filters_for_hits: 0
2018/05/02-08:57:32.796354 7f6203b71a00                Options.paranoid_file_checks: 0
2018/05/02-08:57:32.796355 7f6203b71a00                Options.force_consistency_checks: 0
2018/05/02-08:57:32.796356 7f6203b71a00                Options.report_bg_io_stats: 0
2018/05/02-08:57:32.796357 7f6203b71a00                               Options.ttl: 0
2018/05/02-08:57:33.002200 7f6203b71a00 [db/version_set.cc:3370] Recovered from manifest file:/mnt/rocksdb/MANIFEST-000001 succeeded,manifest_file_number is 1, next_file_number is 3, last_sequence is 0, log_number is 0,prev_log_number is 0,max_column_family is 0,deleted_log_number is 0
2018/05/02-08:57:33.002212 7f6203b71a00 [db/version_set.cc:3378] Column family [default] (ID 0), log number is 0
2018/05/02-08:57:33.007093 7f6203b71a00 [db/db_impl_open.cc:1218] DB pointer 0x1bbd630
2018/05/02-08:57:35.760540 7f6203b71a00 [db/db_impl.cc:252] Shutdown: canceling all background work
2018/05/02-08:57:35.763659 7f6203b71a00 [db/db_impl.cc:398] Shutdown complete
