2018/05/02-07:43:41.844725 7efefc9bda00 RocksDB version: 5.13.0
2018/05/02-07:43:41.844754 7efefc9bda00 Git sha rocksdb_build_git_sha:3be9b364539d382ce282cad80b5c05c58fd2d8a7
2018/05/02-07:43:41.844756 7efefc9bda00 Compile date Apr 27 2018
2018/05/02-07:43:41.844758 7efefc9bda00 DB SUMMARY
2018/05/02-07:43:41.844768 7efefc9bda00 SST files in /mnt/rocksdb dir, Total Num: 0, files: 
2018/05/02-07:43:41.844770 7efefc9bda00 Write Ahead Log file in /mnt/rocksdb: 
2018/05/02-07:43:41.844771 7efefc9bda00                         Options.error_if_exists: 0
2018/05/02-07:43:41.844772 7efefc9bda00                       Options.create_if_missing: 1
2018/05/02-07:43:41.844774 7efefc9bda00                         Options.paranoid_checks: 1
2018/05/02-07:43:41.844775 7efefc9bda00                                     Options.env: 0xb1d9a0
2018/05/02-07:43:41.844776 7efefc9bda00                                Options.info_log: 0x20604e0
2018/05/02-07:43:41.844777 7efefc9bda00                Options.max_file_opening_threads: 16
2018/05/02-07:43:41.844778 7efefc9bda00                              Options.statistics: 0x20587d0
2018/05/02-07:43:41.844779 7efefc9bda00                               Options.use_fsync: 0
2018/05/02-07:43:41.844780 7efefc9bda00                       Options.max_log_file_size: 0
2018/05/02-07:43:41.844781 7efefc9bda00                  Options.max_manifest_file_size: 18446744073709551615
2018/05/02-07:43:41.844782 7efefc9bda00                   Options.log_file_time_to_roll: 0
2018/05/02-07:43:41.844783 7efefc9bda00                       Options.keep_log_file_num: 1000
2018/05/02-07:43:41.844784 7efefc9bda00                    Options.recycle_log_file_num: 0
2018/05/02-07:43:41.844785 7efefc9bda00                         Options.allow_fallocate: 1
2018/05/02-07:43:41.844786 7efefc9bda00                        Options.allow_mmap_reads: 0
2018/05/02-07:43:41.844787 7efefc9bda00                       Options.allow_mmap_writes: 0
2018/05/02-07:43:41.844788 7efefc9bda00                        Options.use_direct_reads: 0
2018/05/02-07:43:41.844789 7efefc9bda00                        Options.use_direct_io_for_flush_and_compaction: 0
2018/05/02-07:43:41.844790 7efefc9bda00          Options.create_missing_column_families: 0
2018/05/02-07:43:41.844791 7efefc9bda00                              Options.db_log_dir: 
2018/05/02-07:43:41.844792 7efefc9bda00                                 Options.wal_dir: /mnt/rocksdb
2018/05/02-07:43:41.844793 7efefc9bda00                Options.table_cache_numshardbits: 4
2018/05/02-07:43:41.844794 7efefc9bda00                      Options.max_subcompactions: 1
2018/05/02-07:43:41.844795 7efefc9bda00                  Options.max_background_flushes: -1
2018/05/02-07:43:41.844796 7efefc9bda00                         Options.WAL_ttl_seconds: 0
2018/05/02-07:43:41.844797 7efefc9bda00                       Options.WAL_size_limit_MB: 0
2018/05/02-07:43:41.844797 7efefc9bda00             Options.manifest_preallocation_size: 4194304
2018/05/02-07:43:41.844798 7efefc9bda00                     Options.is_fd_close_on_exec: 1
2018/05/02-07:43:41.844799 7efefc9bda00                   Options.advise_random_on_open: 1
2018/05/02-07:43:41.844800 7efefc9bda00                    Options.db_write_buffer_size: 0
2018/05/02-07:43:41.844801 7efefc9bda00                    Options.write_buffer_manager: 0x2021790
2018/05/02-07:43:41.844802 7efefc9bda00         Options.access_hint_on_compaction_start: 1
2018/05/02-07:43:41.844803 7efefc9bda00  Options.new_table_reader_for_compaction_inputs: 1
2018/05/02-07:43:41.844804 7efefc9bda00           Options.random_access_max_buffer_size: 1048576
2018/05/02-07:43:41.844805 7efefc9bda00                      Options.use_adaptive_mutex: 0
2018/05/02-07:43:41.844806 7efefc9bda00                            Options.rate_limiter: (nil)
2018/05/02-07:43:41.844807 7efefc9bda00     Options.sst_file_manager.rate_bytes_per_sec: 0
2018/05/02-07:43:41.844808 7efefc9bda00                       Options.wal_recovery_mode: 2
2018/05/02-07:43:41.844809 7efefc9bda00                  Options.enable_thread_tracking: 0
2018/05/02-07:43:41.844810 7efefc9bda00                  Options.enable_pipelined_write: 0
2018/05/02-07:43:41.844816 7efefc9bda00         Options.allow_concurrent_memtable_write: 0
2018/05/02-07:43:41.844817 7efefc9bda00      Options.enable_write_thread_adaptive_yield: 1
2018/05/02-07:43:41.844818 7efefc9bda00             Options.write_thread_max_yield_usec: 100
2018/05/02-07:43:41.844819 7efefc9bda00            Options.write_thread_slow_yield_usec: 3
2018/05/02-07:43:41.844820 7efefc9bda00                               Options.row_cache: None
2018/05/02-07:43:41.844821 7efefc9bda00                              Options.wal_filter: None
2018/05/02-07:43:41.844822 7efefc9bda00             Options.avoid_flush_during_recovery: 0
2018/05/02-07:43:41.844823 7efefc9bda00             Options.allow_ingest_behind: 0
2018/05/02-07:43:41.844824 7efefc9bda00             Options.preserve_deletes: 0
2018/05/02-07:43:41.844825 7efefc9bda00             Options.two_write_queues: 0
2018/05/02-07:43:41.844826 7efefc9bda00             Options.manual_wal_flush: 0
2018/05/02-07:43:41.844827 7efefc9bda00             Options.max_background_jobs: 2
2018/05/02-07:43:41.844828 7efefc9bda00             Options.max_background_compactions: -1
2018/05/02-07:43:41.844829 7efefc9bda00             Options.avoid_flush_during_shutdown: 0
2018/05/02-07:43:41.844830 7efefc9bda00           Options.writable_file_max_buffer_size: 1048576
2018/05/02-07:43:41.844831 7efefc9bda00             Options.delayed_write_rate : 8388608
2018/05/02-07:43:41.844832 7efefc9bda00             Options.max_total_wal_size: 0
2018/05/02-07:43:41.844833 7efefc9bda00             Options.delete_obsolete_files_period_micros: 21600000000
2018/05/02-07:43:41.844834 7efefc9bda00                   Options.stats_dump_period_sec: 600
2018/05/02-07:43:41.844835 7efefc9bda00                          Options.max_open_files: -1
2018/05/02-07:43:41.844836 7efefc9bda00                          Options.bytes_per_sync: 0
2018/05/02-07:43:41.844837 7efefc9bda00                      Options.wal_bytes_per_sync: 0
2018/05/02-07:43:41.844837 7efefc9bda00       Options.compaction_readahead_size: 0
2018/05/02-07:43:41.844838 7efefc9bda00 Compression algorithms supported:
2018/05/02-07:43:41.844840 7efefc9bda00 	kZSTDNotFinalCompression supported: 1
2018/05/02-07:43:41.844842 7efefc9bda00 	kZSTD supported: 0
2018/05/02-07:43:41.844843 7efefc9bda00 	kXpressCompression supported: 0
2018/05/02-07:43:41.844844 7efefc9bda00 	kLZ4HCCompression supported: 1
2018/05/02-07:43:41.844845 7efefc9bda00 	kLZ4Compression supported: 1
2018/05/02-07:43:41.844846 7efefc9bda00 	kBZip2Compression supported: 1
2018/05/02-07:43:41.844847 7efefc9bda00 	kZlibCompression supported: 1
2018/05/02-07:43:41.844849 7efefc9bda00 	kSnappyCompression supported: 1
2018/05/02-07:43:41.844855 7efefc9bda00 Fast CRC32 supported: Supported on x86
2018/05/02-07:43:41.844879 7efefc9bda00 [db/db_impl_open.cc:222] Creating manifest 1 
2018/05/02-07:43:42.002244 7efefc9bda00 [db/version_set.cc:3096] Recovering from manifest file: MANIFEST-000001
2018/05/02-07:43:42.002291 7efefc9bda00 [db/column_family.cc:475] --------------- Options for column family [default]:
2018/05/02-07:43:42.002293 7efefc9bda00               Options.comparator: leveldb.BytewiseComparator
2018/05/02-07:43:42.002295 7efefc9bda00           Options.merge_operator: None
2018/05/02-07:43:42.002296 7efefc9bda00        Options.compaction_filter: None
2018/05/02-07:43:42.002297 7efefc9bda00        Options.compaction_filter_factory: None
2018/05/02-07:43:42.002298 7efefc9bda00         Options.memtable_factory: HashLinkListRepFactory
2018/05/02-07:43:42.002300 7efefc9bda00            Options.table_factory: BlockBasedTable
2018/05/02-07:43:42.002322 7efefc9bda00            table_factory options:   flush_block_policy_factory: FlushBlockBySizePolicyFactory (0x20631a0)
  cache_index_and_filter_blocks: 0
  cache_index_and_filter_blocks_with_high_priority: 0
  pin_l0_filter_and_index_blocks_in_cache: 0
  index_type: 0
  hash_index_allow_collision: 1
  checksum: 1
  no_block_cache: 0
  block_cache: 0x2058840
  block_cache_name: LRUCache
  block_cache_options:
    capacity : 8388608
    num_shard_bits : 6
    strict_capacity_limit : 0
    high_pri_pool_ratio: 0.000
  block_cache_compressed: (nil)
  persistent_cache: (nil)
  block_size: 4096
  block_size_deviation: 10
  block_restart_interval: 16
  index_block_restart_interval: 1
  metadata_block_size: 4096
  partition_filters: 0
  use_delta_encoding: 1
  filter_policy: nullptr
  whole_key_filtering: 1
  verify_compression: 0
  read_amp_bytes_per_bit: 0
  format_version: 2
  enable_index_compression: 1
  block_align: 0
2018/05/02-07:43:42.002336 7efefc9bda00        Options.write_buffer_size: 17179869184
2018/05/02-07:43:42.002337 7efefc9bda00  Options.max_write_buffer_number: 2
2018/05/02-07:43:42.002338 7efefc9bda00          Options.compression: Snappy
2018/05/02-07:43:42.002340 7efefc9bda00                  Options.bottommost_compression: Disabled
2018/05/02-07:43:42.002341 7efefc9bda00       Options.prefix_extractor: rocksdb.FixedPrefix.8
2018/05/02-07:43:42.002343 7efefc9bda00   Options.memtable_insert_with_hint_prefix_extractor: nullptr
2018/05/02-07:43:42.002344 7efefc9bda00             Options.num_levels: 7
2018/05/02-07:43:42.002345 7efefc9bda00        Options.min_write_buffer_number_to_merge: 1
2018/05/02-07:43:42.002346 7efefc9bda00     Options.max_write_buffer_number_to_maintain: 0
2018/05/02-07:43:42.002347 7efefc9bda00            Options.compression_opts.window_bits: -14
2018/05/02-07:43:42.002348 7efefc9bda00                  Options.compression_opts.level: -1
2018/05/02-07:43:42.002349 7efefc9bda00               Options.compression_opts.strategy: 0
2018/05/02-07:43:42.002350 7efefc9bda00         Options.compression_opts.max_dict_bytes: 0
2018/05/02-07:43:42.002351 7efefc9bda00         Options.compression_opts.zstd_max_train_bytes: 0
2018/05/02-07:43:42.002352 7efefc9bda00      Options.level0_file_num_compaction_trigger: 4
2018/05/02-07:43:42.002353 7efefc9bda00          Options.level0_slowdown_writes_trigger: 20
2018/05/02-07:43:42.002354 7efefc9bda00              Options.level0_stop_writes_trigger: 36
2018/05/02-07:43:42.002355 7efefc9bda00                   Options.target_file_size_base: 67108864
2018/05/02-07:43:42.002356 7efefc9bda00             Options.target_file_size_multiplier: 1
2018/05/02-07:43:42.002357 7efefc9bda00                Options.max_bytes_for_level_base: 268435456
2018/05/02-07:43:42.002358 7efefc9bda00 Options.level_compaction_dynamic_level_bytes: 0
2018/05/02-07:43:42.002359 7efefc9bda00          Options.max_bytes_for_level_multiplier: 10.000000
2018/05/02-07:43:42.002361 7efefc9bda00 Options.max_bytes_for_level_multiplier_addtl[0]: 1
2018/05/02-07:43:42.002362 7efefc9bda00 Options.max_bytes_for_level_multiplier_addtl[1]: 1
2018/05/02-07:43:42.002363 7efefc9bda00 Options.max_bytes_for_level_multiplier_addtl[2]: 1
2018/05/02-07:43:42.002364 7efefc9bda00 Options.max_bytes_for_level_multiplier_addtl[3]: 1
2018/05/02-07:43:42.002365 7efefc9bda00 Options.max_bytes_for_level_multiplier_addtl[4]: 1
2018/05/02-07:43:42.002366 7efefc9bda00 Options.max_bytes_for_level_multiplier_addtl[5]: 1
2018/05/02-07:43:42.002367 7efefc9bda00 Options.max_bytes_for_level_multiplier_addtl[6]: 1
2018/05/02-07:43:42.002368 7efefc9bda00       Options.max_sequential_skip_in_iterations: 8
2018/05/02-07:43:42.002369 7efefc9bda00                    Options.max_compaction_bytes: 1677721600
2018/05/02-07:43:42.002370 7efefc9bda00                        Options.arena_block_size: 2147483648
2018/05/02-07:43:42.002371 7efefc9bda00   Options.soft_pending_compaction_bytes_limit: 68719476736
2018/05/02-07:43:42.002372 7efefc9bda00   Options.hard_pending_compaction_bytes_limit: 137438953472
2018/05/02-07:43:42.002373 7efefc9bda00       Options.rate_limit_delay_max_milliseconds: 1000
2018/05/02-07:43:42.002374 7efefc9bda00                Options.disable_auto_compactions: 0
2018/05/02-07:43:42.002376 7efefc9bda00                        Options.compaction_style: kCompactionStyleLevel
2018/05/02-07:43:42.002378 7efefc9bda00                          Options.compaction_pri: kByCompensatedSize
2018/05/02-07:43:42.002379 7efefc9bda00 Options.compaction_options_universal.size_ratio: 1
2018/05/02-07:43:42.002384 7efefc9bda00 Options.compaction_options_universal.min_merge_width: 2
2018/05/02-07:43:42.002385 7efefc9bda00 Options.compaction_options_universal.max_merge_width: 4294967295
2018/05/02-07:43:42.002386 7efefc9bda00 Options.compaction_options_universal.max_size_amplification_percent: 200
2018/05/02-07:43:42.002387 7efefc9bda00 Options.compaction_options_universal.compression_size_percent: -1
2018/05/02-07:43:42.002389 7efefc9bda00 Options.compaction_options_universal.stop_style: kCompactionStopStyleTotalSize
2018/05/02-07:43:42.002390 7efefc9bda00 Options.compaction_options_fifo.max_table_files_size: 0
2018/05/02-07:43:42.002391 7efefc9bda00 Options.compaction_options_fifo.allow_compaction: 1
2018/05/02-07:43:42.002392 7efefc9bda00 Options.compaction_options_fifo.ttl: 0
2018/05/02-07:43:42.002393 7efefc9bda00                   Options.table_properties_collectors: 
2018/05/02-07:43:42.002394 7efefc9bda00                   Options.inplace_update_support: 0
2018/05/02-07:43:42.002395 7efefc9bda00                 Options.inplace_update_num_locks: 10000
2018/05/02-07:43:42.002396 7efefc9bda00               Options.memtable_prefix_bloom_size_ratio: 0.000000
2018/05/02-07:43:42.002398 7efefc9bda00   Options.memtable_huge_page_size: 0
2018/05/02-07:43:42.002398 7efefc9bda00                           Options.bloom_locality: 0
2018/05/02-07:43:42.002399 7efefc9bda00                    Options.max_successive_merges: 0
2018/05/02-07:43:42.002400 7efefc9bda00                Options.optimize_filters_for_hits: 0
2018/05/02-07:43:42.002401 7efefc9bda00                Options.paranoid_file_checks: 0
2018/05/02-07:43:42.002402 7efefc9bda00                Options.force_consistency_checks: 0
2018/05/02-07:43:42.002403 7efefc9bda00                Options.report_bg_io_stats: 0
2018/05/02-07:43:42.002404 7efefc9bda00                               Options.ttl: 0
2018/05/02-07:43:42.005697 7efefc9bda00 [db/version_set.cc:3370] Recovered from manifest file:/mnt/rocksdb/MANIFEST-000001 succeeded,manifest_file_number is 1, next_file_number is 3, last_sequence is 0, log_number is 0,prev_log_number is 0,max_column_family is 0,deleted_log_number is 0
2018/05/02-07:43:42.005708 7efefc9bda00 [db/version_set.cc:3378] Column family [default] (ID 0), log number is 0
2018/05/02-07:43:42.010631 7efefc9bda00 [db/db_impl_open.cc:1218] DB pointer 0x205f570
2018/05/02-07:43:48.861152 7efefc9bda00 [db/db_impl.cc:252] Shutdown: canceling all background work
2018/05/02-07:43:48.863153 7efefc9bda00 [db/db_impl.cc:398] Shutdown complete
