2018/05/02-07:41:45.012700 7f01d4bd3a00 RocksDB version: 5.13.0
2018/05/02-07:41:45.012730 7f01d4bd3a00 Git sha rocksdb_build_git_sha:3be9b364539d382ce282cad80b5c05c58fd2d8a7
2018/05/02-07:41:45.012732 7f01d4bd3a00 Compile date Apr 27 2018
2018/05/02-07:41:45.012734 7f01d4bd3a00 DB SUMMARY
2018/05/02-07:41:45.012743 7f01d4bd3a00 SST files in /mnt/rocksdb dir, Total Num: 0, files: 
2018/05/02-07:41:45.012745 7f01d4bd3a00 Write Ahead Log file in /mnt/rocksdb: 
2018/05/02-07:41:45.012747 7f01d4bd3a00                         Options.error_if_exists: 0
2018/05/02-07:41:45.012748 7f01d4bd3a00                       Options.create_if_missing: 1
2018/05/02-07:41:45.012749 7f01d4bd3a00                         Options.paranoid_checks: 1
2018/05/02-07:41:45.012750 7f01d4bd3a00                                     Options.env: 0xb1d9a0
2018/05/02-07:41:45.012751 7f01d4bd3a00                                Options.info_log: 0x289f9d0
2018/05/02-07:41:45.012752 7f01d4bd3a00                Options.max_file_opening_threads: 16
2018/05/02-07:41:45.012753 7f01d4bd3a00                              Options.statistics: 0x28877d0
2018/05/02-07:41:45.012755 7f01d4bd3a00                               Options.use_fsync: 0
2018/05/02-07:41:45.012756 7f01d4bd3a00                       Options.max_log_file_size: 0
2018/05/02-07:41:45.012757 7f01d4bd3a00                  Options.max_manifest_file_size: 18446744073709551615
2018/05/02-07:41:45.012758 7f01d4bd3a00                   Options.log_file_time_to_roll: 0
2018/05/02-07:41:45.012759 7f01d4bd3a00                       Options.keep_log_file_num: 1000
2018/05/02-07:41:45.012760 7f01d4bd3a00                    Options.recycle_log_file_num: 0
2018/05/02-07:41:45.012761 7f01d4bd3a00                         Options.allow_fallocate: 1
2018/05/02-07:41:45.012762 7f01d4bd3a00                        Options.allow_mmap_reads: 0
2018/05/02-07:41:45.012763 7f01d4bd3a00                       Options.allow_mmap_writes: 0
2018/05/02-07:41:45.012764 7f01d4bd3a00                        Options.use_direct_reads: 0
2018/05/02-07:41:45.012765 7f01d4bd3a00                        Options.use_direct_io_for_flush_and_compaction: 0
2018/05/02-07:41:45.012766 7f01d4bd3a00          Options.create_missing_column_families: 0
2018/05/02-07:41:45.012767 7f01d4bd3a00                              Options.db_log_dir: 
2018/05/02-07:41:45.012768 7f01d4bd3a00                                 Options.wal_dir: /mnt/rocksdb
2018/05/02-07:41:45.012769 7f01d4bd3a00                Options.table_cache_numshardbits: 4
2018/05/02-07:41:45.012770 7f01d4bd3a00                      Options.max_subcompactions: 1
2018/05/02-07:41:45.012771 7f01d4bd3a00                  Options.max_background_flushes: -1
2018/05/02-07:41:45.012772 7f01d4bd3a00                         Options.WAL_ttl_seconds: 0
2018/05/02-07:41:45.012773 7f01d4bd3a00                       Options.WAL_size_limit_MB: 0
2018/05/02-07:41:45.012774 7f01d4bd3a00             Options.manifest_preallocation_size: 4194304
2018/05/02-07:41:45.012775 7f01d4bd3a00                     Options.is_fd_close_on_exec: 1
2018/05/02-07:41:45.012776 7f01d4bd3a00                   Options.advise_random_on_open: 1
2018/05/02-07:41:45.012777 7f01d4bd3a00                    Options.db_write_buffer_size: 0
2018/05/02-07:41:45.012778 7f01d4bd3a00                    Options.write_buffer_manager: 0x288c490
2018/05/02-07:41:45.012779 7f01d4bd3a00         Options.access_hint_on_compaction_start: 1
2018/05/02-07:41:45.012779 7f01d4bd3a00  Options.new_table_reader_for_compaction_inputs: 1
2018/05/02-07:41:45.012781 7f01d4bd3a00           Options.random_access_max_buffer_size: 1048576
2018/05/02-07:41:45.012782 7f01d4bd3a00                      Options.use_adaptive_mutex: 0
2018/05/02-07:41:45.012783 7f01d4bd3a00                            Options.rate_limiter: (nil)
2018/05/02-07:41:45.012784 7f01d4bd3a00     Options.sst_file_manager.rate_bytes_per_sec: 0
2018/05/02-07:41:45.012785 7f01d4bd3a00                       Options.wal_recovery_mode: 2
2018/05/02-07:41:45.012786 7f01d4bd3a00                  Options.enable_thread_tracking: 0
2018/05/02-07:41:45.012787 7f01d4bd3a00                  Options.enable_pipelined_write: 0
2018/05/02-07:41:45.012793 7f01d4bd3a00         Options.allow_concurrent_memtable_write: 0
2018/05/02-07:41:45.012794 7f01d4bd3a00      Options.enable_write_thread_adaptive_yield: 1
2018/05/02-07:41:45.012795 7f01d4bd3a00             Options.write_thread_max_yield_usec: 100
2018/05/02-07:41:45.012796 7f01d4bd3a00            Options.write_thread_slow_yield_usec: 3
2018/05/02-07:41:45.012797 7f01d4bd3a00                               Options.row_cache: None
2018/05/02-07:41:45.012798 7f01d4bd3a00                              Options.wal_filter: None
2018/05/02-07:41:45.012799 7f01d4bd3a00             Options.avoid_flush_during_recovery: 0
2018/05/02-07:41:45.012799 7f01d4bd3a00             Options.allow_ingest_behind: 0
2018/05/02-07:41:45.012800 7f01d4bd3a00             Options.preserve_deletes: 0
2018/05/02-07:41:45.012801 7f01d4bd3a00             Options.two_write_queues: 0
2018/05/02-07:41:45.012802 7f01d4bd3a00             Options.manual_wal_flush: 0
2018/05/02-07:41:45.012803 7f01d4bd3a00             Options.max_background_jobs: 2
2018/05/02-07:41:45.012804 7f01d4bd3a00             Options.max_background_compactions: -1
2018/05/02-07:41:45.012805 7f01d4bd3a00             Options.avoid_flush_during_shutdown: 0
2018/05/02-07:41:45.012806 7f01d4bd3a00           Options.writable_file_max_buffer_size: 1048576
2018/05/02-07:41:45.012807 7f01d4bd3a00             Options.delayed_write_rate : 8388608
2018/05/02-07:41:45.012808 7f01d4bd3a00             Options.max_total_wal_size: 0
2018/05/02-07:41:45.012809 7f01d4bd3a00             Options.delete_obsolete_files_period_micros: 21600000000
2018/05/02-07:41:45.012810 7f01d4bd3a00                   Options.stats_dump_period_sec: 600
2018/05/02-07:41:45.012811 7f01d4bd3a00                          Options.max_open_files: -1
2018/05/02-07:41:45.012812 7f01d4bd3a00                          Options.bytes_per_sync: 0
2018/05/02-07:41:45.012813 7f01d4bd3a00                      Options.wal_bytes_per_sync: 0
2018/05/02-07:41:45.012814 7f01d4bd3a00       Options.compaction_readahead_size: 0
2018/05/02-07:41:45.012815 7f01d4bd3a00 Compression algorithms supported:
2018/05/02-07:41:45.012817 7f01d4bd3a00 	kZSTDNotFinalCompression supported: 1
2018/05/02-07:41:45.012818 7f01d4bd3a00 	kZSTD supported: 0
2018/05/02-07:41:45.012819 7f01d4bd3a00 	kXpressCompression supported: 0
2018/05/02-07:41:45.012821 7f01d4bd3a00 	kLZ4HCCompression supported: 1
2018/05/02-07:41:45.012822 7f01d4bd3a00 	kLZ4Compression supported: 1
2018/05/02-07:41:45.012823 7f01d4bd3a00 	kBZip2Compression supported: 1
2018/05/02-07:41:45.012824 7f01d4bd3a00 	kZlibCompression supported: 1
2018/05/02-07:41:45.012825 7f01d4bd3a00 	kSnappyCompression supported: 1
2018/05/02-07:41:45.012832 7f01d4bd3a00 Fast CRC32 supported: Supported on x86
2018/05/02-07:41:45.012856 7f01d4bd3a00 [db/db_impl_open.cc:222] Creating manifest 1 
2018/05/02-07:41:45.037677 7f01d4bd3a00 [db/version_set.cc:3096] Recovering from manifest file: MANIFEST-000001
2018/05/02-07:41:45.037721 7f01d4bd3a00 [db/column_family.cc:475] --------------- Options for column family [default]:
2018/05/02-07:41:45.037724 7f01d4bd3a00               Options.comparator: leveldb.BytewiseComparator
2018/05/02-07:41:45.037725 7f01d4bd3a00           Options.merge_operator: None
2018/05/02-07:41:45.037726 7f01d4bd3a00        Options.compaction_filter: None
2018/05/02-07:41:45.037738 7f01d4bd3a00        Options.compaction_filter_factory: None
2018/05/02-07:41:45.037741 7f01d4bd3a00         Options.memtable_factory: HashSkipListRepFactory
2018/05/02-07:41:45.037742 7f01d4bd3a00            Options.table_factory: BlockBasedTable
2018/05/02-07:41:45.037764 7f01d4bd3a00            table_factory options:   flush_block_policy_factory: FlushBlockBySizePolicyFactory (0x2887910)
  cache_index_and_filter_blocks: 0
  cache_index_and_filter_blocks_with_high_priority: 0
  pin_l0_filter_and_index_blocks_in_cache: 0
  index_type: 0
  hash_index_allow_collision: 1
  checksum: 1
  no_block_cache: 0
  block_cache: 0x2887840
  block_cache_name: LRUCache
  block_cache_options:
    capacity : 8388608
    num_shard_bits : 6
    strict_capacity_limit : 0
    high_pri_pool_ratio: 0.000
  block_cache_compressed: (nil)
  persistent_cache: (nil)
  block_size: 4096
  block_size_deviation: 10
  block_restart_interval: 16
  index_block_restart_interval: 1
  metadata_block_size: 4096
  partition_filters: 0
  use_delta_encoding: 1
  filter_policy: nullptr
  whole_key_filtering: 1
  verify_compression: 0
  read_amp_bytes_per_bit: 0
  format_version: 2
  enable_index_compression: 1
  block_align: 0
2018/05/02-07:41:45.037786 7f01d4bd3a00        Options.write_buffer_size: 17179869184
2018/05/02-07:41:45.037787 7f01d4bd3a00  Options.max_write_buffer_number: 2
2018/05/02-07:41:45.037789 7f01d4bd3a00          Options.compression: Snappy
2018/05/02-07:41:45.037790 7f01d4bd3a00                  Options.bottommost_compression: Disabled
2018/05/02-07:41:45.037792 7f01d4bd3a00       Options.prefix_extractor: rocksdb.FixedPrefix.8
2018/05/02-07:41:45.037793 7f01d4bd3a00   Options.memtable_insert_with_hint_prefix_extractor: nullptr
2018/05/02-07:41:45.037794 7f01d4bd3a00             Options.num_levels: 7
2018/05/02-07:41:45.037795 7f01d4bd3a00        Options.min_write_buffer_number_to_merge: 1
2018/05/02-07:41:45.037796 7f01d4bd3a00     Options.max_write_buffer_number_to_maintain: 0
2018/05/02-07:41:45.037797 7f01d4bd3a00            Options.compression_opts.window_bits: -14
2018/05/02-07:41:45.037798 7f01d4bd3a00                  Options.compression_opts.level: -1
2018/05/02-07:41:45.037799 7f01d4bd3a00               Options.compression_opts.strategy: 0
2018/05/02-07:41:45.037800 7f01d4bd3a00         Options.compression_opts.max_dict_bytes: 0
2018/05/02-07:41:45.037801 7f01d4bd3a00         Options.compression_opts.zstd_max_train_bytes: 0
2018/05/02-07:41:45.037802 7f01d4bd3a00      Options.level0_file_num_compaction_trigger: 4
2018/05/02-07:41:45.037803 7f01d4bd3a00          Options.level0_slowdown_writes_trigger: 20
2018/05/02-07:41:45.037804 7f01d4bd3a00              Options.level0_stop_writes_trigger: 36
2018/05/02-07:41:45.037805 7f01d4bd3a00                   Options.target_file_size_base: 67108864
2018/05/02-07:41:45.037806 7f01d4bd3a00             Options.target_file_size_multiplier: 1
2018/05/02-07:41:45.037807 7f01d4bd3a00                Options.max_bytes_for_level_base: 268435456
2018/05/02-07:41:45.037808 7f01d4bd3a00 Options.level_compaction_dynamic_level_bytes: 0
2018/05/02-07:41:45.037809 7f01d4bd3a00          Options.max_bytes_for_level_multiplier: 10.000000
2018/05/02-07:41:45.037811 7f01d4bd3a00 Options.max_bytes_for_level_multiplier_addtl[0]: 1
2018/05/02-07:41:45.037812 7f01d4bd3a00 Options.max_bytes_for_level_multiplier_addtl[1]: 1
2018/05/02-07:41:45.037813 7f01d4bd3a00 Options.max_bytes_for_level_multiplier_addtl[2]: 1
2018/05/02-07:41:45.037814 7f01d4bd3a00 Options.max_bytes_for_level_multiplier_addtl[3]: 1
2018/05/02-07:41:45.037815 7f01d4bd3a00 Options.max_bytes_for_level_multiplier_addtl[4]: 1
2018/05/02-07:41:45.037816 7f01d4bd3a00 Options.max_bytes_for_level_multiplier_addtl[5]: 1
2018/05/02-07:41:45.037817 7f01d4bd3a00 Options.max_bytes_for_level_multiplier_addtl[6]: 1
2018/05/02-07:41:45.037818 7f01d4bd3a00       Options.max_sequential_skip_in_iterations: 8
2018/05/02-07:41:45.037819 7f01d4bd3a00                    Options.max_compaction_bytes: 1677721600
2018/05/02-07:41:45.037820 7f01d4bd3a00                        Options.arena_block_size: 2147483648
2018/05/02-07:41:45.037821 7f01d4bd3a00   Options.soft_pending_compaction_bytes_limit: 68719476736
2018/05/02-07:41:45.037822 7f01d4bd3a00   Options.hard_pending_compaction_bytes_limit: 137438953472
2018/05/02-07:41:45.037823 7f01d4bd3a00       Options.rate_limit_delay_max_milliseconds: 1000
2018/05/02-07:41:45.037824 7f01d4bd3a00                Options.disable_auto_compactions: 0
2018/05/02-07:41:45.037826 7f01d4bd3a00                        Options.compaction_style: kCompactionStyleLevel
2018/05/02-07:41:45.037828 7f01d4bd3a00                          Options.compaction_pri: kByCompensatedSize
2018/05/02-07:41:45.037829 7f01d4bd3a00 Options.compaction_options_universal.size_ratio: 1
2018/05/02-07:41:45.037834 7f01d4bd3a00 Options.compaction_options_universal.min_merge_width: 2
2018/05/02-07:41:45.037835 7f01d4bd3a00 Options.compaction_options_universal.max_merge_width: 4294967295
2018/05/02-07:41:45.037836 7f01d4bd3a00 Options.compaction_options_universal.max_size_amplification_percent: 200
2018/05/02-07:41:45.037837 7f01d4bd3a00 Options.compaction_options_universal.compression_size_percent: -1
2018/05/02-07:41:45.037838 7f01d4bd3a00 Options.compaction_options_universal.stop_style: kCompactionStopStyleTotalSize
2018/05/02-07:41:45.037839 7f01d4bd3a00 Options.compaction_options_fifo.max_table_files_size: 0
2018/05/02-07:41:45.037840 7f01d4bd3a00 Options.compaction_options_fifo.allow_compaction: 1
2018/05/02-07:41:45.037841 7f01d4bd3a00 Options.compaction_options_fifo.ttl: 0
2018/05/02-07:41:45.037842 7f01d4bd3a00                   Options.table_properties_collectors: 
2018/05/02-07:41:45.037843 7f01d4bd3a00                   Options.inplace_update_support: 0
2018/05/02-07:41:45.037844 7f01d4bd3a00                 Options.inplace_update_num_locks: 10000
2018/05/02-07:41:45.037845 7f01d4bd3a00               Options.memtable_prefix_bloom_size_ratio: 0.000000
2018/05/02-07:41:45.037847 7f01d4bd3a00   Options.memtable_huge_page_size: 0
2018/05/02-07:41:45.037848 7f01d4bd3a00                           Options.bloom_locality: 0
2018/05/02-07:41:45.037849 7f01d4bd3a00                    Options.max_successive_merges: 0
2018/05/02-07:41:45.037850 7f01d4bd3a00                Options.optimize_filters_for_hits: 0
2018/05/02-07:41:45.037851 7f01d4bd3a00                Options.paranoid_file_checks: 0
2018/05/02-07:41:45.037852 7f01d4bd3a00                Options.force_consistency_checks: 0
2018/05/02-07:41:45.037853 7f01d4bd3a00                Options.report_bg_io_stats: 0
2018/05/02-07:41:45.037854 7f01d4bd3a00                               Options.ttl: 0
2018/05/02-07:41:45.042161 7f01d4bd3a00 [db/version_set.cc:3370] Recovered from manifest file:/mnt/rocksdb/MANIFEST-000001 succeeded,manifest_file_number is 1, next_file_number is 3, last_sequence is 0, log_number is 0,prev_log_number is 0,max_column_family is 0,deleted_log_number is 0
2018/05/02-07:41:45.042171 7f01d4bd3a00 [db/version_set.cc:3378] Column family [default] (ID 0), log number is 0
2018/05/02-07:41:45.046953 7f01d4bd3a00 [db/db_impl_open.cc:1218] DB pointer 0x2897020
2018/05/02-07:41:48.833817 7f01d4bd3a00 [db/db_impl.cc:252] Shutdown: canceling all background work
2018/05/02-07:41:48.835621 7f01d4bd3a00 [db/db_impl.cc:398] Shutdown complete
