2018/05/16-13:56:14.322152 7f645f8c4a00 RocksDB version: 5.13.0
2018/05/16-13:56:14.322175 7f645f8c4a00 Git sha rocksdb_build_git_sha:ad155921d831611af1b50dbe0a3ed0dbc6dd5313
2018/05/16-13:56:14.322177 7f645f8c4a00 Compile date Apr 30 2018
2018/05/16-13:56:14.322179 7f645f8c4a00 DB SUMMARY
2018/05/16-13:56:14.322189 7f645f8c4a00 SST files in /mnt/rocksdb dir, Total Num: 0, files: 
2018/05/16-13:56:14.322191 7f645f8c4a00 Write Ahead Log file in /mnt/rocksdb: 
2018/05/16-13:56:14.322193 7f645f8c4a00                         Options.error_if_exists: 0
2018/05/16-13:56:14.322194 7f645f8c4a00                       Options.create_if_missing: 1
2018/05/16-13:56:14.322195 7f645f8c4a00                         Options.paranoid_checks: 1
2018/05/16-13:56:14.322196 7f645f8c4a00                                     Options.env: 0xb179a0
2018/05/16-13:56:14.322197 7f645f8c4a00                                Options.info_log: 0x1b20a10
2018/05/16-13:56:14.322198 7f645f8c4a00                Options.max_file_opening_threads: 16
2018/05/16-13:56:14.322199 7f645f8c4a00                              Options.statistics: 0x1b20c70
2018/05/16-13:56:14.322200 7f645f8c4a00                               Options.use_fsync: 0
2018/05/16-13:56:14.322201 7f645f8c4a00                       Options.max_log_file_size: 0
2018/05/16-13:56:14.322202 7f645f8c4a00                  Options.max_manifest_file_size: 18446744073709551615
2018/05/16-13:56:14.322203 7f645f8c4a00                   Options.log_file_time_to_roll: 0
2018/05/16-13:56:14.322204 7f645f8c4a00                       Options.keep_log_file_num: 1000
2018/05/16-13:56:14.322205 7f645f8c4a00                    Options.recycle_log_file_num: 0
2018/05/16-13:56:14.322206 7f645f8c4a00                         Options.allow_fallocate: 1
2018/05/16-13:56:14.322207 7f645f8c4a00                        Options.allow_mmap_reads: 0
2018/05/16-13:56:14.322208 7f645f8c4a00                       Options.allow_mmap_writes: 0
2018/05/16-13:56:14.322209 7f645f8c4a00                        Options.use_direct_reads: 0
2018/05/16-13:56:14.322210 7f645f8c4a00                        Options.use_direct_io_for_flush_and_compaction: 0
2018/05/16-13:56:14.322211 7f645f8c4a00          Options.create_missing_column_families: 0
2018/05/16-13:56:14.322212 7f645f8c4a00                              Options.db_log_dir: 
2018/05/16-13:56:14.322213 7f645f8c4a00                                 Options.wal_dir: /mnt/rocksdb
2018/05/16-13:56:14.322214 7f645f8c4a00                Options.table_cache_numshardbits: 4
2018/05/16-13:56:14.322215 7f645f8c4a00                      Options.max_subcompactions: 1
2018/05/16-13:56:14.322216 7f645f8c4a00                  Options.max_background_flushes: -1
2018/05/16-13:56:14.322217 7f645f8c4a00                         Options.WAL_ttl_seconds: 0
2018/05/16-13:56:14.322217 7f645f8c4a00                       Options.WAL_size_limit_MB: 0
2018/05/16-13:56:14.322218 7f645f8c4a00             Options.manifest_preallocation_size: 4194304
2018/05/16-13:56:14.322219 7f645f8c4a00                     Options.is_fd_close_on_exec: 1
2018/05/16-13:56:14.322220 7f645f8c4a00                   Options.advise_random_on_open: 1
2018/05/16-13:56:14.322221 7f645f8c4a00                    Options.db_write_buffer_size: 0
2018/05/16-13:56:14.322222 7f645f8c4a00                    Options.write_buffer_manager: 0x1b38630
2018/05/16-13:56:14.322223 7f645f8c4a00         Options.access_hint_on_compaction_start: 1
2018/05/16-13:56:14.322224 7f645f8c4a00  Options.new_table_reader_for_compaction_inputs: 1
2018/05/16-13:56:14.322225 7f645f8c4a00           Options.random_access_max_buffer_size: 1048576
2018/05/16-13:56:14.322226 7f645f8c4a00                      Options.use_adaptive_mutex: 0
2018/05/16-13:56:14.322227 7f645f8c4a00                            Options.rate_limiter: (nil)
2018/05/16-13:56:14.322228 7f645f8c4a00     Options.sst_file_manager.rate_bytes_per_sec: 0
2018/05/16-13:56:14.322229 7f645f8c4a00                       Options.wal_recovery_mode: 2
2018/05/16-13:56:14.322230 7f645f8c4a00                  Options.enable_thread_tracking: 0
2018/05/16-13:56:14.322231 7f645f8c4a00                  Options.enable_pipelined_write: 0
2018/05/16-13:56:14.322237 7f645f8c4a00         Options.allow_concurrent_memtable_write: 0
2018/05/16-13:56:14.322238 7f645f8c4a00      Options.enable_write_thread_adaptive_yield: 1
2018/05/16-13:56:14.322239 7f645f8c4a00             Options.write_thread_max_yield_usec: 100
2018/05/16-13:56:14.322240 7f645f8c4a00            Options.write_thread_slow_yield_usec: 3
2018/05/16-13:56:14.322241 7f645f8c4a00                               Options.row_cache: None
2018/05/16-13:56:14.322242 7f645f8c4a00                              Options.wal_filter: None
2018/05/16-13:56:14.322243 7f645f8c4a00             Options.avoid_flush_during_recovery: 0
2018/05/16-13:56:14.322244 7f645f8c4a00             Options.allow_ingest_behind: 0
2018/05/16-13:56:14.322245 7f645f8c4a00             Options.preserve_deletes: 0
2018/05/16-13:56:14.322246 7f645f8c4a00             Options.two_write_queues: 0
2018/05/16-13:56:14.322247 7f645f8c4a00             Options.manual_wal_flush: 0
2018/05/16-13:56:14.322248 7f645f8c4a00             Options.max_background_jobs: 2
2018/05/16-13:56:14.322248 7f645f8c4a00             Options.max_background_compactions: -1
2018/05/16-13:56:14.322249 7f645f8c4a00             Options.avoid_flush_during_shutdown: 0
2018/05/16-13:56:14.322250 7f645f8c4a00           Options.writable_file_max_buffer_size: 1048576
2018/05/16-13:56:14.322251 7f645f8c4a00             Options.delayed_write_rate : 8388608
2018/05/16-13:56:14.322252 7f645f8c4a00             Options.max_total_wal_size: 0
2018/05/16-13:56:14.322253 7f645f8c4a00             Options.delete_obsolete_files_period_micros: 21600000000
2018/05/16-13:56:14.322254 7f645f8c4a00                   Options.stats_dump_period_sec: 600
2018/05/16-13:56:14.322255 7f645f8c4a00                          Options.max_open_files: -1
2018/05/16-13:56:14.322256 7f645f8c4a00                          Options.bytes_per_sync: 0
2018/05/16-13:56:14.322257 7f645f8c4a00                      Options.wal_bytes_per_sync: 0
2018/05/16-13:56:14.322258 7f645f8c4a00       Options.compaction_readahead_size: 0
2018/05/16-13:56:14.322259 7f645f8c4a00 Compression algorithms supported:
2018/05/16-13:56:14.322260 7f645f8c4a00 	kZSTDNotFinalCompression supported: 1
2018/05/16-13:56:14.322262 7f645f8c4a00 	kZSTD supported: 0
2018/05/16-13:56:14.322263 7f645f8c4a00 	kXpressCompression supported: 0
2018/05/16-13:56:14.322264 7f645f8c4a00 	kLZ4HCCompression supported: 1
2018/05/16-13:56:14.322265 7f645f8c4a00 	kLZ4Compression supported: 1
2018/05/16-13:56:14.322266 7f645f8c4a00 	kBZip2Compression supported: 1
2018/05/16-13:56:14.322267 7f645f8c4a00 	kZlibCompression supported: 1
2018/05/16-13:56:14.322268 7f645f8c4a00 	kSnappyCompression supported: 1
2018/05/16-13:56:14.322275 7f645f8c4a00 Fast CRC32 supported: Supported on x86
2018/05/16-13:56:14.322298 7f645f8c4a00 [db/db_impl_open.cc:222] Creating manifest 1 
2018/05/16-13:56:14.347241 7f645f8c4a00 [db/version_set.cc:3088] Recovering from manifest file: MANIFEST-000001
2018/05/16-13:56:14.347282 7f645f8c4a00 [db/column_family.cc:474] --------------- Options for column family [default]:
2018/05/16-13:56:14.347285 7f645f8c4a00               Options.comparator: leveldb.BytewiseComparator
2018/05/16-13:56:14.347286 7f645f8c4a00           Options.merge_operator: None
2018/05/16-13:56:14.347287 7f645f8c4a00        Options.compaction_filter: None
2018/05/16-13:56:14.347288 7f645f8c4a00        Options.compaction_filter_factory: None
2018/05/16-13:56:14.347289 7f645f8c4a00         Options.memtable_factory: HashCuckooRepFactory
2018/05/16-13:56:14.347291 7f645f8c4a00            Options.table_factory: BlockBasedTable
2018/05/16-13:56:14.347315 7f645f8c4a00            table_factory options:   flush_block_policy_factory: FlushBlockBySizePolicyFactory (0x1b2b130)
  cache_index_and_filter_blocks: 0
  cache_index_and_filter_blocks_with_high_priority: 0
  pin_l0_filter_and_index_blocks_in_cache: 0
  index_type: 0
  hash_index_allow_collision: 1
  checksum: 1
  no_block_cache: 0
  block_cache: 0x1b207d0
  block_cache_name: LRUCache
  block_cache_options:
    capacity : 8388608
    num_shard_bits : 6
    strict_capacity_limit : 0
    high_pri_pool_ratio: 0.000
  block_cache_compressed: (nil)
  persistent_cache: (nil)
  block_size: 4096
  block_size_deviation: 10
  block_restart_interval: 16
  index_block_restart_interval: 1
  metadata_block_size: 4096
  partition_filters: 0
  use_delta_encoding: 1
  filter_policy: nullptr
  whole_key_filtering: 1
  verify_compression: 0
  read_amp_bytes_per_bit: 0
  format_version: 2
  enable_index_compression: 1
  block_align: 0
2018/05/16-13:56:14.347327 7f645f8c4a00        Options.write_buffer_size: 17179869184
2018/05/16-13:56:14.347329 7f645f8c4a00  Options.max_write_buffer_number: 2
2018/05/16-13:56:14.347330 7f645f8c4a00          Options.compression: Snappy
2018/05/16-13:56:14.347331 7f645f8c4a00                  Options.bottommost_compression: Disabled
2018/05/16-13:56:14.347332 7f645f8c4a00       Options.prefix_extractor: rocksdb.FixedPrefix.8
2018/05/16-13:56:14.347333 7f645f8c4a00   Options.memtable_insert_with_hint_prefix_extractor: nullptr
2018/05/16-13:56:14.347334 7f645f8c4a00             Options.num_levels: 7
2018/05/16-13:56:14.347335 7f645f8c4a00        Options.min_write_buffer_number_to_merge: 1
2018/05/16-13:56:14.347336 7f645f8c4a00     Options.max_write_buffer_number_to_maintain: 0
2018/05/16-13:56:14.347337 7f645f8c4a00            Options.compression_opts.window_bits: -14
2018/05/16-13:56:14.347338 7f645f8c4a00                  Options.compression_opts.level: -1
2018/05/16-13:56:14.347339 7f645f8c4a00               Options.compression_opts.strategy: 0
2018/05/16-13:56:14.347340 7f645f8c4a00         Options.compression_opts.max_dict_bytes: 0
2018/05/16-13:56:14.347341 7f645f8c4a00         Options.compression_opts.zstd_max_train_bytes: 0
2018/05/16-13:56:14.347342 7f645f8c4a00      Options.level0_file_num_compaction_trigger: 4
2018/05/16-13:56:14.347343 7f645f8c4a00          Options.level0_slowdown_writes_trigger: 20
2018/05/16-13:56:14.347344 7f645f8c4a00              Options.level0_stop_writes_trigger: 36
2018/05/16-13:56:14.347345 7f645f8c4a00                   Options.target_file_size_base: 67108864
2018/05/16-13:56:14.347346 7f645f8c4a00             Options.target_file_size_multiplier: 1
2018/05/16-13:56:14.347347 7f645f8c4a00                Options.max_bytes_for_level_base: 268435456
2018/05/16-13:56:14.347348 7f645f8c4a00 Options.level_compaction_dynamic_level_bytes: 0
2018/05/16-13:56:14.347349 7f645f8c4a00          Options.max_bytes_for_level_multiplier: 10.000000
2018/05/16-13:56:14.347351 7f645f8c4a00 Options.max_bytes_for_level_multiplier_addtl[0]: 1
2018/05/16-13:56:14.347352 7f645f8c4a00 Options.max_bytes_for_level_multiplier_addtl[1]: 1
2018/05/16-13:56:14.347353 7f645f8c4a00 Options.max_bytes_for_level_multiplier_addtl[2]: 1
2018/05/16-13:56:14.347354 7f645f8c4a00 Options.max_bytes_for_level_multiplier_addtl[3]: 1
2018/05/16-13:56:14.347355 7f645f8c4a00 Options.max_bytes_for_level_multiplier_addtl[4]: 1
2018/05/16-13:56:14.347356 7f645f8c4a00 Options.max_bytes_for_level_multiplier_addtl[5]: 1
2018/05/16-13:56:14.347357 7f645f8c4a00 Options.max_bytes_for_level_multiplier_addtl[6]: 1
2018/05/16-13:56:14.347358 7f645f8c4a00       Options.max_sequential_skip_in_iterations: 8
2018/05/16-13:56:14.347358 7f645f8c4a00                    Options.max_compaction_bytes: 1677721600
2018/05/16-13:56:14.347359 7f645f8c4a00                        Options.arena_block_size: 2147483648
2018/05/16-13:56:14.347360 7f645f8c4a00   Options.soft_pending_compaction_bytes_limit: 68719476736
2018/05/16-13:56:14.347361 7f645f8c4a00   Options.hard_pending_compaction_bytes_limit: 137438953472
2018/05/16-13:56:14.347362 7f645f8c4a00       Options.rate_limit_delay_max_milliseconds: 1000
2018/05/16-13:56:14.347363 7f645f8c4a00                Options.disable_auto_compactions: 0
2018/05/16-13:56:14.347365 7f645f8c4a00                        Options.compaction_style: kCompactionStyleLevel
2018/05/16-13:56:14.347367 7f645f8c4a00                          Options.compaction_pri: kByCompensatedSize
2018/05/16-13:56:14.347368 7f645f8c4a00 Options.compaction_options_universal.size_ratio: 1
2018/05/16-13:56:14.347372 7f645f8c4a00 Options.compaction_options_universal.min_merge_width: 2
2018/05/16-13:56:14.347374 7f645f8c4a00 Options.compaction_options_universal.max_merge_width: 4294967295
2018/05/16-13:56:14.347375 7f645f8c4a00 Options.compaction_options_universal.max_size_amplification_percent: 200
2018/05/16-13:56:14.347376 7f645f8c4a00 Options.compaction_options_universal.compression_size_percent: -1
2018/05/16-13:56:14.347377 7f645f8c4a00 Options.compaction_options_universal.stop_style: kCompactionStopStyleTotalSize
2018/05/16-13:56:14.347378 7f645f8c4a00 Options.compaction_options_fifo.max_table_files_size: 0
2018/05/16-13:56:14.347379 7f645f8c4a00 Options.compaction_options_fifo.allow_compaction: 1
2018/05/16-13:56:14.347380 7f645f8c4a00 Options.compaction_options_fifo.ttl: 0
2018/05/16-13:56:14.347381 7f645f8c4a00                   Options.table_properties_collectors: 
2018/05/16-13:56:14.347382 7f645f8c4a00                   Options.inplace_update_support: 0
2018/05/16-13:56:14.347383 7f645f8c4a00                 Options.inplace_update_num_locks: 10000
2018/05/16-13:56:14.347384 7f645f8c4a00               Options.memtable_prefix_bloom_size_ratio: 0.000000
2018/05/16-13:56:14.347385 7f645f8c4a00   Options.memtable_huge_page_size: 0
2018/05/16-13:56:14.347386 7f645f8c4a00                           Options.bloom_locality: 0
2018/05/16-13:56:14.347387 7f645f8c4a00                    Options.max_successive_merges: 0
2018/05/16-13:56:14.347388 7f645f8c4a00                Options.optimize_filters_for_hits: 0
2018/05/16-13:56:14.347389 7f645f8c4a00                Options.paranoid_file_checks: 0
2018/05/16-13:56:14.347390 7f645f8c4a00                Options.force_consistency_checks: 0
2018/05/16-13:56:14.347391 7f645f8c4a00                Options.report_bg_io_stats: 0
2018/05/16-13:56:14.347392 7f645f8c4a00                               Options.ttl: 0
2018/05/16-13:56:14.551926 7f645f8c4a00 [db/version_set.cc:3362] Recovered from manifest file:/mnt/rocksdb/MANIFEST-000001 succeeded,manifest_file_number is 1, next_file_number is 3, last_sequence is 0, log_number is 0,prev_log_number is 0,max_column_family is 0,deleted_log_number is 0
2018/05/16-13:56:14.551938 7f645f8c4a00 [db/version_set.cc:3370] Column family [default] (ID 0), log number is 0
2018/05/16-13:56:14.556816 7f645f8c4a00 [db/db_impl_open.cc:1218] DB pointer 0x1b2ed40
2018/05/16-13:56:14.931342 7f645f8c4a00 [db/db_impl.cc:252] Shutdown: canceling all background work
2018/05/16-13:56:14.934131 7f645f8c4a00 [db/db_impl.cc:397] Shutdown complete
