2018/05/02-08:59:30.569772 7f01d0560a00 RocksDB version: 5.13.0
2018/05/02-08:59:30.569803 7f01d0560a00 Git sha rocksdb_build_git_sha:9fd8a84934e07cda550848532e327d310e7e1836
2018/05/02-08:59:30.569805 7f01d0560a00 Compile date Apr 30 2018
2018/05/02-08:59:30.569807 7f01d0560a00 DB SUMMARY
2018/05/02-08:59:30.569817 7f01d0560a00 SST files in /mnt/rocksdb dir, Total Num: 0, files: 
2018/05/02-08:59:30.569819 7f01d0560a00 Write Ahead Log file in /mnt/rocksdb: 
2018/05/02-08:59:30.569820 7f01d0560a00                         Options.error_if_exists: 0
2018/05/02-08:59:30.569822 7f01d0560a00                       Options.create_if_missing: 1
2018/05/02-08:59:30.569823 7f01d0560a00                         Options.paranoid_checks: 1
2018/05/02-08:59:30.569824 7f01d0560a00                                     Options.env: 0xb149a0
2018/05/02-08:59:30.569825 7f01d0560a00                                Options.info_log: 0x2ce9e90
2018/05/02-08:59:30.569826 7f01d0560a00                Options.max_file_opening_threads: 16
2018/05/02-08:59:30.569827 7f01d0560a00                              Options.statistics: 0x2cdfc70
2018/05/02-08:59:30.569828 7f01d0560a00                               Options.use_fsync: 0
2018/05/02-08:59:30.569829 7f01d0560a00                       Options.max_log_file_size: 0
2018/05/02-08:59:30.569830 7f01d0560a00                  Options.max_manifest_file_size: 18446744073709551615
2018/05/02-08:59:30.569831 7f01d0560a00                   Options.log_file_time_to_roll: 0
2018/05/02-08:59:30.569832 7f01d0560a00                       Options.keep_log_file_num: 1000
2018/05/02-08:59:30.569833 7f01d0560a00                    Options.recycle_log_file_num: 0
2018/05/02-08:59:30.569834 7f01d0560a00                         Options.allow_fallocate: 1
2018/05/02-08:59:30.569835 7f01d0560a00                        Options.allow_mmap_reads: 0
2018/05/02-08:59:30.569836 7f01d0560a00                       Options.allow_mmap_writes: 0
2018/05/02-08:59:30.569837 7f01d0560a00                        Options.use_direct_reads: 0
2018/05/02-08:59:30.569838 7f01d0560a00                        Options.use_direct_io_for_flush_and_compaction: 0
2018/05/02-08:59:30.569839 7f01d0560a00          Options.create_missing_column_families: 0
2018/05/02-08:59:30.569840 7f01d0560a00                              Options.db_log_dir: 
2018/05/02-08:59:30.569841 7f01d0560a00                                 Options.wal_dir: /mnt/rocksdb
2018/05/02-08:59:30.569842 7f01d0560a00                Options.table_cache_numshardbits: 4
2018/05/02-08:59:30.569843 7f01d0560a00                      Options.max_subcompactions: 1
2018/05/02-08:59:30.569844 7f01d0560a00                  Options.max_background_flushes: -1
2018/05/02-08:59:30.569844 7f01d0560a00                         Options.WAL_ttl_seconds: 0
2018/05/02-08:59:30.569845 7f01d0560a00                       Options.WAL_size_limit_MB: 0
2018/05/02-08:59:30.569846 7f01d0560a00             Options.manifest_preallocation_size: 4194304
2018/05/02-08:59:30.569847 7f01d0560a00                     Options.is_fd_close_on_exec: 1
2018/05/02-08:59:30.569848 7f01d0560a00                   Options.advise_random_on_open: 1
2018/05/02-08:59:30.569849 7f01d0560a00                    Options.db_write_buffer_size: 0
2018/05/02-08:59:30.569850 7f01d0560a00                    Options.write_buffer_manager: 0x2ce9dc0
2018/05/02-08:59:30.569851 7f01d0560a00         Options.access_hint_on_compaction_start: 1
2018/05/02-08:59:30.569852 7f01d0560a00  Options.new_table_reader_for_compaction_inputs: 1
2018/05/02-08:59:30.569853 7f01d0560a00           Options.random_access_max_buffer_size: 1048576
2018/05/02-08:59:30.569854 7f01d0560a00                      Options.use_adaptive_mutex: 0
2018/05/02-08:59:30.569855 7f01d0560a00                            Options.rate_limiter: (nil)
2018/05/02-08:59:30.569856 7f01d0560a00     Options.sst_file_manager.rate_bytes_per_sec: 0
2018/05/02-08:59:30.569857 7f01d0560a00                       Options.wal_recovery_mode: 2
2018/05/02-08:59:30.569858 7f01d0560a00                  Options.enable_thread_tracking: 0
2018/05/02-08:59:30.569859 7f01d0560a00                  Options.enable_pipelined_write: 0
2018/05/02-08:59:30.569866 7f01d0560a00         Options.allow_concurrent_memtable_write: 0
2018/05/02-08:59:30.569867 7f01d0560a00      Options.enable_write_thread_adaptive_yield: 1
2018/05/02-08:59:30.569868 7f01d0560a00             Options.write_thread_max_yield_usec: 100
2018/05/02-08:59:30.569869 7f01d0560a00            Options.write_thread_slow_yield_usec: 3
2018/05/02-08:59:30.569870 7f01d0560a00                               Options.row_cache: None
2018/05/02-08:59:30.569870 7f01d0560a00                              Options.wal_filter: None
2018/05/02-08:59:30.569872 7f01d0560a00             Options.avoid_flush_during_recovery: 0
2018/05/02-08:59:30.569872 7f01d0560a00             Options.allow_ingest_behind: 0
2018/05/02-08:59:30.569873 7f01d0560a00             Options.preserve_deletes: 0
2018/05/02-08:59:30.569874 7f01d0560a00             Options.two_write_queues: 0
2018/05/02-08:59:30.569875 7f01d0560a00             Options.manual_wal_flush: 0
2018/05/02-08:59:30.569876 7f01d0560a00             Options.max_background_jobs: 2
2018/05/02-08:59:30.569877 7f01d0560a00             Options.max_background_compactions: -1
2018/05/02-08:59:30.569878 7f01d0560a00             Options.avoid_flush_during_shutdown: 0
2018/05/02-08:59:30.569879 7f01d0560a00           Options.writable_file_max_buffer_size: 1048576
2018/05/02-08:59:30.569880 7f01d0560a00             Options.delayed_write_rate : 8388608
2018/05/02-08:59:30.569881 7f01d0560a00             Options.max_total_wal_size: 0
2018/05/02-08:59:30.569882 7f01d0560a00             Options.delete_obsolete_files_period_micros: 21600000000
2018/05/02-08:59:30.569883 7f01d0560a00                   Options.stats_dump_period_sec: 600
2018/05/02-08:59:30.569884 7f01d0560a00                          Options.max_open_files: -1
2018/05/02-08:59:30.569885 7f01d0560a00                          Options.bytes_per_sync: 0
2018/05/02-08:59:30.569886 7f01d0560a00                      Options.wal_bytes_per_sync: 0
2018/05/02-08:59:30.569887 7f01d0560a00       Options.compaction_readahead_size: 0
2018/05/02-08:59:30.569888 7f01d0560a00 Compression algorithms supported:
2018/05/02-08:59:30.569889 7f01d0560a00 	kZSTDNotFinalCompression supported: 1
2018/05/02-08:59:30.569891 7f01d0560a00 	kZSTD supported: 0
2018/05/02-08:59:30.569892 7f01d0560a00 	kXpressCompression supported: 0
2018/05/02-08:59:30.569893 7f01d0560a00 	kLZ4HCCompression supported: 1
2018/05/02-08:59:30.569894 7f01d0560a00 	kLZ4Compression supported: 1
2018/05/02-08:59:30.569896 7f01d0560a00 	kBZip2Compression supported: 1
2018/05/02-08:59:30.569897 7f01d0560a00 	kZlibCompression supported: 1
2018/05/02-08:59:30.569898 7f01d0560a00 	kSnappyCompression supported: 1
2018/05/02-08:59:30.569903 7f01d0560a00 Fast CRC32 supported: Supported on x86
2018/05/02-08:59:30.569928 7f01d0560a00 [db/db_impl_open.cc:222] Creating manifest 1 
2018/05/02-08:59:30.595443 7f01d0560a00 [db/version_set.cc:3088] Recovering from manifest file: MANIFEST-000001
2018/05/02-08:59:30.595489 7f01d0560a00 [db/column_family.cc:474] --------------- Options for column family [default]:
2018/05/02-08:59:30.595492 7f01d0560a00               Options.comparator: leveldb.BytewiseComparator
2018/05/02-08:59:30.595493 7f01d0560a00           Options.merge_operator: None
2018/05/02-08:59:30.595494 7f01d0560a00        Options.compaction_filter: None
2018/05/02-08:59:30.595495 7f01d0560a00        Options.compaction_filter_factory: None
2018/05/02-08:59:30.595497 7f01d0560a00         Options.memtable_factory: HashCuckooRepFactory
2018/05/02-08:59:30.595498 7f01d0560a00            Options.table_factory: BlockBasedTable
2018/05/02-08:59:30.595529 7f01d0560a00            table_factory options:   flush_block_policy_factory: FlushBlockBySizePolicyFactory (0x2cea150)
  cache_index_and_filter_blocks: 0
  cache_index_and_filter_blocks_with_high_priority: 0
  pin_l0_filter_and_index_blocks_in_cache: 0
  index_type: 0
  hash_index_allow_collision: 1
  checksum: 1
  no_block_cache: 0
  block_cache: 0x2cdf7d0
  block_cache_name: LRUCache
  block_cache_options:
    capacity : 8388608
    num_shard_bits : 6
    strict_capacity_limit : 0
    high_pri_pool_ratio: 0.000
  block_cache_compressed: (nil)
  persistent_cache: (nil)
  block_size: 4096
  block_size_deviation: 10
  block_restart_interval: 16
  index_block_restart_interval: 1
  metadata_block_size: 4096
  partition_filters: 0
  use_delta_encoding: 1
  filter_policy: nullptr
  whole_key_filtering: 1
  verify_compression: 0
  read_amp_bytes_per_bit: 0
  format_version: 2
  enable_index_compression: 1
  block_align: 0
2018/05/02-08:59:30.595541 7f01d0560a00        Options.write_buffer_size: 17179869184
2018/05/02-08:59:30.595543 7f01d0560a00  Options.max_write_buffer_number: 2
2018/05/02-08:59:30.595544 7f01d0560a00          Options.compression: Snappy
2018/05/02-08:59:30.595545 7f01d0560a00                  Options.bottommost_compression: Disabled
2018/05/02-08:59:30.595547 7f01d0560a00       Options.prefix_extractor: rocksdb.FixedPrefix.8
2018/05/02-08:59:30.595548 7f01d0560a00   Options.memtable_insert_with_hint_prefix_extractor: nullptr
2018/05/02-08:59:30.595549 7f01d0560a00             Options.num_levels: 7
2018/05/02-08:59:30.595550 7f01d0560a00        Options.min_write_buffer_number_to_merge: 1
2018/05/02-08:59:30.595551 7f01d0560a00     Options.max_write_buffer_number_to_maintain: 0
2018/05/02-08:59:30.595552 7f01d0560a00            Options.compression_opts.window_bits: -14
2018/05/02-08:59:30.595553 7f01d0560a00                  Options.compression_opts.level: -1
2018/05/02-08:59:30.595554 7f01d0560a00               Options.compression_opts.strategy: 0
2018/05/02-08:59:30.595555 7f01d0560a00         Options.compression_opts.max_dict_bytes: 0
2018/05/02-08:59:30.595556 7f01d0560a00         Options.compression_opts.zstd_max_train_bytes: 0
2018/05/02-08:59:30.595557 7f01d0560a00      Options.level0_file_num_compaction_trigger: 4
2018/05/02-08:59:30.595558 7f01d0560a00          Options.level0_slowdown_writes_trigger: 20
2018/05/02-08:59:30.595559 7f01d0560a00              Options.level0_stop_writes_trigger: 36
2018/05/02-08:59:30.595560 7f01d0560a00                   Options.target_file_size_base: 67108864
2018/05/02-08:59:30.595561 7f01d0560a00             Options.target_file_size_multiplier: 1
2018/05/02-08:59:30.595562 7f01d0560a00                Options.max_bytes_for_level_base: 268435456
2018/05/02-08:59:30.595563 7f01d0560a00 Options.level_compaction_dynamic_level_bytes: 0
2018/05/02-08:59:30.595564 7f01d0560a00          Options.max_bytes_for_level_multiplier: 10.000000
2018/05/02-08:59:30.595566 7f01d0560a00 Options.max_bytes_for_level_multiplier_addtl[0]: 1
2018/05/02-08:59:30.595567 7f01d0560a00 Options.max_bytes_for_level_multiplier_addtl[1]: 1
2018/05/02-08:59:30.595568 7f01d0560a00 Options.max_bytes_for_level_multiplier_addtl[2]: 1
2018/05/02-08:59:30.595569 7f01d0560a00 Options.max_bytes_for_level_multiplier_addtl[3]: 1
2018/05/02-08:59:30.595570 7f01d0560a00 Options.max_bytes_for_level_multiplier_addtl[4]: 1
2018/05/02-08:59:30.595571 7f01d0560a00 Options.max_bytes_for_level_multiplier_addtl[5]: 1
2018/05/02-08:59:30.595572 7f01d0560a00 Options.max_bytes_for_level_multiplier_addtl[6]: 1
2018/05/02-08:59:30.595573 7f01d0560a00       Options.max_sequential_skip_in_iterations: 8
2018/05/02-08:59:30.595574 7f01d0560a00                    Options.max_compaction_bytes: 1677721600
2018/05/02-08:59:30.595575 7f01d0560a00                        Options.arena_block_size: 2147483648
2018/05/02-08:59:30.595576 7f01d0560a00   Options.soft_pending_compaction_bytes_limit: 68719476736
2018/05/02-08:59:30.595577 7f01d0560a00   Options.hard_pending_compaction_bytes_limit: 137438953472
2018/05/02-08:59:30.595578 7f01d0560a00       Options.rate_limit_delay_max_milliseconds: 1000
2018/05/02-08:59:30.595579 7f01d0560a00                Options.disable_auto_compactions: 0
2018/05/02-08:59:30.595580 7f01d0560a00                        Options.compaction_style: kCompactionStyleLevel
2018/05/02-08:59:30.595582 7f01d0560a00                          Options.compaction_pri: kByCompensatedSize
2018/05/02-08:59:30.595583 7f01d0560a00 Options.compaction_options_universal.size_ratio: 1
2018/05/02-08:59:30.595588 7f01d0560a00 Options.compaction_options_universal.min_merge_width: 2
2018/05/02-08:59:30.595589 7f01d0560a00 Options.compaction_options_universal.max_merge_width: 4294967295
2018/05/02-08:59:30.595590 7f01d0560a00 Options.compaction_options_universal.max_size_amplification_percent: 200
2018/05/02-08:59:30.595592 7f01d0560a00 Options.compaction_options_universal.compression_size_percent: -1
2018/05/02-08:59:30.595593 7f01d0560a00 Options.compaction_options_universal.stop_style: kCompactionStopStyleTotalSize
2018/05/02-08:59:30.595594 7f01d0560a00 Options.compaction_options_fifo.max_table_files_size: 0
2018/05/02-08:59:30.595595 7f01d0560a00 Options.compaction_options_fifo.allow_compaction: 1
2018/05/02-08:59:30.595596 7f01d0560a00 Options.compaction_options_fifo.ttl: 0
2018/05/02-08:59:30.595597 7f01d0560a00                   Options.table_properties_collectors: 
2018/05/02-08:59:30.595598 7f01d0560a00                   Options.inplace_update_support: 0
2018/05/02-08:59:30.595599 7f01d0560a00                 Options.inplace_update_num_locks: 10000
2018/05/02-08:59:30.595601 7f01d0560a00               Options.memtable_prefix_bloom_size_ratio: 0.000000
2018/05/02-08:59:30.595602 7f01d0560a00   Options.memtable_huge_page_size: 0
2018/05/02-08:59:30.595603 7f01d0560a00                           Options.bloom_locality: 0
2018/05/02-08:59:30.595604 7f01d0560a00                    Options.max_successive_merges: 0
2018/05/02-08:59:30.595605 7f01d0560a00                Options.optimize_filters_for_hits: 0
2018/05/02-08:59:30.595606 7f01d0560a00                Options.paranoid_file_checks: 0
2018/05/02-08:59:30.595607 7f01d0560a00                Options.force_consistency_checks: 0
2018/05/02-08:59:30.595608 7f01d0560a00                Options.report_bg_io_stats: 0
2018/05/02-08:59:30.595609 7f01d0560a00                               Options.ttl: 0
2018/05/02-08:59:30.790153 7f01d0560a00 [db/version_set.cc:3362] Recovered from manifest file:/mnt/rocksdb/MANIFEST-000001 succeeded,manifest_file_number is 1, next_file_number is 3, last_sequence is 0, log_number is 0,prev_log_number is 0,max_column_family is 0,deleted_log_number is 0
2018/05/02-08:59:30.790166 7f01d0560a00 [db/version_set.cc:3370] Column family [default] (ID 0), log number is 0
2018/05/02-08:59:30.795437 7f01d0560a00 [db/db_impl_open.cc:1218] DB pointer 0x2ce6630
2018/05/02-08:59:34.892186 7f01d0560a00 [db/db_impl.cc:252] Shutdown: canceling all background work
2018/05/02-08:59:34.895503 7f01d0560a00 [db/db_impl.cc:397] Shutdown complete
