2018/05/02-06:37:55.193369 7fe1eb229a00 RocksDB version: 5.13.0
2018/05/02-06:37:55.193399 7fe1eb229a00 Git sha rocksdb_build_git_sha:9fd8a84934e07cda550848532e327d310e7e1836
2018/05/02-06:37:55.193401 7fe1eb229a00 Compile date Apr 30 2018
2018/05/02-06:37:55.193403 7fe1eb229a00 DB SUMMARY
2018/05/02-06:37:55.193413 7fe1eb229a00 SST files in /mnt/rocksdb dir, Total Num: 0, files: 
2018/05/02-06:37:55.193415 7fe1eb229a00 Write Ahead Log file in /mnt/rocksdb: 
2018/05/02-06:37:55.193416 7fe1eb229a00                         Options.error_if_exists: 0
2018/05/02-06:37:55.193418 7fe1eb229a00                       Options.create_if_missing: 1
2018/05/02-06:37:55.193419 7fe1eb229a00                         Options.paranoid_checks: 1
2018/05/02-06:37:55.193420 7fe1eb229a00                                     Options.env: 0xb149a0
2018/05/02-06:37:55.193421 7fe1eb229a00                                Options.info_log: 0x276ae90
2018/05/02-06:37:55.193422 7fe1eb229a00                Options.max_file_opening_threads: 16
2018/05/02-06:37:55.193423 7fe1eb229a00                              Options.statistics: 0x2760c70
2018/05/02-06:37:55.193424 7fe1eb229a00                               Options.use_fsync: 0
2018/05/02-06:37:55.193425 7fe1eb229a00                       Options.max_log_file_size: 0
2018/05/02-06:37:55.193426 7fe1eb229a00                  Options.max_manifest_file_size: 18446744073709551615
2018/05/02-06:37:55.193427 7fe1eb229a00                   Options.log_file_time_to_roll: 0
2018/05/02-06:37:55.193428 7fe1eb229a00                       Options.keep_log_file_num: 1000
2018/05/02-06:37:55.193429 7fe1eb229a00                    Options.recycle_log_file_num: 0
2018/05/02-06:37:55.193430 7fe1eb229a00                         Options.allow_fallocate: 1
2018/05/02-06:37:55.193431 7fe1eb229a00                        Options.allow_mmap_reads: 0
2018/05/02-06:37:55.193432 7fe1eb229a00                       Options.allow_mmap_writes: 0
2018/05/02-06:37:55.193433 7fe1eb229a00                        Options.use_direct_reads: 0
2018/05/02-06:37:55.193434 7fe1eb229a00                        Options.use_direct_io_for_flush_and_compaction: 0
2018/05/02-06:37:55.193435 7fe1eb229a00          Options.create_missing_column_families: 0
2018/05/02-06:37:55.193436 7fe1eb229a00                              Options.db_log_dir: 
2018/05/02-06:37:55.193437 7fe1eb229a00                                 Options.wal_dir: /mnt/rocksdb
2018/05/02-06:37:55.193438 7fe1eb229a00                Options.table_cache_numshardbits: 4
2018/05/02-06:37:55.193439 7fe1eb229a00                      Options.max_subcompactions: 1
2018/05/02-06:37:55.193440 7fe1eb229a00                  Options.max_background_flushes: -1
2018/05/02-06:37:55.193441 7fe1eb229a00                         Options.WAL_ttl_seconds: 0
2018/05/02-06:37:55.193442 7fe1eb229a00                       Options.WAL_size_limit_MB: 0
2018/05/02-06:37:55.193443 7fe1eb229a00             Options.manifest_preallocation_size: 4194304
2018/05/02-06:37:55.193444 7fe1eb229a00                     Options.is_fd_close_on_exec: 1
2018/05/02-06:37:55.193445 7fe1eb229a00                   Options.advise_random_on_open: 1
2018/05/02-06:37:55.193446 7fe1eb229a00                    Options.db_write_buffer_size: 0
2018/05/02-06:37:55.193447 7fe1eb229a00                    Options.write_buffer_manager: 0x2760a40
2018/05/02-06:37:55.193448 7fe1eb229a00         Options.access_hint_on_compaction_start: 1
2018/05/02-06:37:55.193449 7fe1eb229a00  Options.new_table_reader_for_compaction_inputs: 1
2018/05/02-06:37:55.193449 7fe1eb229a00           Options.random_access_max_buffer_size: 1048576
2018/05/02-06:37:55.193450 7fe1eb229a00                      Options.use_adaptive_mutex: 0
2018/05/02-06:37:55.193451 7fe1eb229a00                            Options.rate_limiter: (nil)
2018/05/02-06:37:55.193452 7fe1eb229a00     Options.sst_file_manager.rate_bytes_per_sec: 0
2018/05/02-06:37:55.193453 7fe1eb229a00                       Options.wal_recovery_mode: 2
2018/05/02-06:37:55.193454 7fe1eb229a00                  Options.enable_thread_tracking: 0
2018/05/02-06:37:55.193455 7fe1eb229a00                  Options.enable_pipelined_write: 0
2018/05/02-06:37:55.193461 7fe1eb229a00         Options.allow_concurrent_memtable_write: 0
2018/05/02-06:37:55.193462 7fe1eb229a00      Options.enable_write_thread_adaptive_yield: 1
2018/05/02-06:37:55.193463 7fe1eb229a00             Options.write_thread_max_yield_usec: 100
2018/05/02-06:37:55.193464 7fe1eb229a00            Options.write_thread_slow_yield_usec: 3
2018/05/02-06:37:55.193465 7fe1eb229a00                               Options.row_cache: None
2018/05/02-06:37:55.193466 7fe1eb229a00                              Options.wal_filter: None
2018/05/02-06:37:55.193467 7fe1eb229a00             Options.avoid_flush_during_recovery: 0
2018/05/02-06:37:55.193468 7fe1eb229a00             Options.allow_ingest_behind: 0
2018/05/02-06:37:55.193469 7fe1eb229a00             Options.preserve_deletes: 0
2018/05/02-06:37:55.193470 7fe1eb229a00             Options.two_write_queues: 0
2018/05/02-06:37:55.193471 7fe1eb229a00             Options.manual_wal_flush: 0
2018/05/02-06:37:55.193472 7fe1eb229a00             Options.max_background_jobs: 2
2018/05/02-06:37:55.193473 7fe1eb229a00             Options.max_background_compactions: -1
2018/05/02-06:37:55.193474 7fe1eb229a00             Options.avoid_flush_during_shutdown: 0
2018/05/02-06:37:55.193475 7fe1eb229a00           Options.writable_file_max_buffer_size: 1048576
2018/05/02-06:37:55.193476 7fe1eb229a00             Options.delayed_write_rate : 8388608
2018/05/02-06:37:55.193477 7fe1eb229a00             Options.max_total_wal_size: 0
2018/05/02-06:37:55.193478 7fe1eb229a00             Options.delete_obsolete_files_period_micros: 21600000000
2018/05/02-06:37:55.193479 7fe1eb229a00                   Options.stats_dump_period_sec: 600
2018/05/02-06:37:55.193480 7fe1eb229a00                          Options.max_open_files: -1
2018/05/02-06:37:55.193481 7fe1eb229a00                          Options.bytes_per_sync: 0
2018/05/02-06:37:55.193482 7fe1eb229a00                      Options.wal_bytes_per_sync: 0
2018/05/02-06:37:55.193483 7fe1eb229a00       Options.compaction_readahead_size: 0
2018/05/02-06:37:55.193484 7fe1eb229a00 Compression algorithms supported:
2018/05/02-06:37:55.193485 7fe1eb229a00 	kZSTDNotFinalCompression supported: 1
2018/05/02-06:37:55.193487 7fe1eb229a00 	kZSTD supported: 0
2018/05/02-06:37:55.193488 7fe1eb229a00 	kXpressCompression supported: 0
2018/05/02-06:37:55.193489 7fe1eb229a00 	kLZ4HCCompression supported: 1
2018/05/02-06:37:55.193491 7fe1eb229a00 	kLZ4Compression supported: 1
2018/05/02-06:37:55.193492 7fe1eb229a00 	kBZip2Compression supported: 1
2018/05/02-06:37:55.193493 7fe1eb229a00 	kZlibCompression supported: 1
2018/05/02-06:37:55.193494 7fe1eb229a00 	kSnappyCompression supported: 1
2018/05/02-06:37:55.193501 7fe1eb229a00 Fast CRC32 supported: Supported on x86
2018/05/02-06:37:55.193525 7fe1eb229a00 [db/db_impl_open.cc:222] Creating manifest 1 
2018/05/02-06:37:55.218073 7fe1eb229a00 [db/version_set.cc:3088] Recovering from manifest file: MANIFEST-000001
2018/05/02-06:37:55.218120 7fe1eb229a00 [db/column_family.cc:474] --------------- Options for column family [default]:
2018/05/02-06:37:55.218122 7fe1eb229a00               Options.comparator: leveldb.BytewiseComparator
2018/05/02-06:37:55.218124 7fe1eb229a00           Options.merge_operator: None
2018/05/02-06:37:55.218125 7fe1eb229a00        Options.compaction_filter: None
2018/05/02-06:37:55.218126 7fe1eb229a00        Options.compaction_filter_factory: None
2018/05/02-06:37:55.218128 7fe1eb229a00         Options.memtable_factory: HashCuckooRepFactory
2018/05/02-06:37:55.218129 7fe1eb229a00            Options.table_factory: BlockBasedTable
2018/05/02-06:37:55.218158 7fe1eb229a00            table_factory options:   flush_block_policy_factory: FlushBlockBySizePolicyFactory (0x276b150)
  cache_index_and_filter_blocks: 0
  cache_index_and_filter_blocks_with_high_priority: 0
  pin_l0_filter_and_index_blocks_in_cache: 0
  index_type: 0
  hash_index_allow_collision: 1
  checksum: 1
  no_block_cache: 0
  block_cache: 0x27607d0
  block_cache_name: LRUCache
  block_cache_options:
    capacity : 8388608
    num_shard_bits : 6
    strict_capacity_limit : 0
    high_pri_pool_ratio: 0.000
  block_cache_compressed: (nil)
  persistent_cache: (nil)
  block_size: 4096
  block_size_deviation: 10
  block_restart_interval: 16
  index_block_restart_interval: 1
  metadata_block_size: 4096
  partition_filters: 0
  use_delta_encoding: 1
  filter_policy: nullptr
  whole_key_filtering: 1
  verify_compression: 0
  read_amp_bytes_per_bit: 0
  format_version: 2
  enable_index_compression: 1
  block_align: 0
2018/05/02-06:37:55.218172 7fe1eb229a00        Options.write_buffer_size: 17179869184
2018/05/02-06:37:55.218173 7fe1eb229a00  Options.max_write_buffer_number: 2
2018/05/02-06:37:55.218174 7fe1eb229a00          Options.compression: Snappy
2018/05/02-06:37:55.218176 7fe1eb229a00                  Options.bottommost_compression: Disabled
2018/05/02-06:37:55.218177 7fe1eb229a00       Options.prefix_extractor: rocksdb.FixedPrefix.8
2018/05/02-06:37:55.218178 7fe1eb229a00   Options.memtable_insert_with_hint_prefix_extractor: nullptr
2018/05/02-06:37:55.218179 7fe1eb229a00             Options.num_levels: 7
2018/05/02-06:37:55.218180 7fe1eb229a00        Options.min_write_buffer_number_to_merge: 1
2018/05/02-06:37:55.218181 7fe1eb229a00     Options.max_write_buffer_number_to_maintain: 0
2018/05/02-06:37:55.218182 7fe1eb229a00            Options.compression_opts.window_bits: -14
2018/05/02-06:37:55.218184 7fe1eb229a00                  Options.compression_opts.level: -1
2018/05/02-06:37:55.218185 7fe1eb229a00               Options.compression_opts.strategy: 0
2018/05/02-06:37:55.218186 7fe1eb229a00         Options.compression_opts.max_dict_bytes: 0
2018/05/02-06:37:55.218186 7fe1eb229a00         Options.compression_opts.zstd_max_train_bytes: 0
2018/05/02-06:37:55.218187 7fe1eb229a00      Options.level0_file_num_compaction_trigger: 4
2018/05/02-06:37:55.218188 7fe1eb229a00          Options.level0_slowdown_writes_trigger: 20
2018/05/02-06:37:55.218189 7fe1eb229a00              Options.level0_stop_writes_trigger: 36
2018/05/02-06:37:55.218190 7fe1eb229a00                   Options.target_file_size_base: 67108864
2018/05/02-06:37:55.218191 7fe1eb229a00             Options.target_file_size_multiplier: 1
2018/05/02-06:37:55.218192 7fe1eb229a00                Options.max_bytes_for_level_base: 268435456
2018/05/02-06:37:55.218193 7fe1eb229a00 Options.level_compaction_dynamic_level_bytes: 0
2018/05/02-06:37:55.218194 7fe1eb229a00          Options.max_bytes_for_level_multiplier: 10.000000
2018/05/02-06:37:55.218197 7fe1eb229a00 Options.max_bytes_for_level_multiplier_addtl[0]: 1
2018/05/02-06:37:55.218198 7fe1eb229a00 Options.max_bytes_for_level_multiplier_addtl[1]: 1
2018/05/02-06:37:55.218199 7fe1eb229a00 Options.max_bytes_for_level_multiplier_addtl[2]: 1
2018/05/02-06:37:55.218200 7fe1eb229a00 Options.max_bytes_for_level_multiplier_addtl[3]: 1
2018/05/02-06:37:55.218201 7fe1eb229a00 Options.max_bytes_for_level_multiplier_addtl[4]: 1
2018/05/02-06:37:55.218202 7fe1eb229a00 Options.max_bytes_for_level_multiplier_addtl[5]: 1
2018/05/02-06:37:55.218203 7fe1eb229a00 Options.max_bytes_for_level_multiplier_addtl[6]: 1
2018/05/02-06:37:55.218204 7fe1eb229a00       Options.max_sequential_skip_in_iterations: 8
2018/05/02-06:37:55.218205 7fe1eb229a00                    Options.max_compaction_bytes: 1677721600
2018/05/02-06:37:55.218206 7fe1eb229a00                        Options.arena_block_size: 2147483648
2018/05/02-06:37:55.218207 7fe1eb229a00   Options.soft_pending_compaction_bytes_limit: 68719476736
2018/05/02-06:37:55.218208 7fe1eb229a00   Options.hard_pending_compaction_bytes_limit: 137438953472
2018/05/02-06:37:55.218209 7fe1eb229a00       Options.rate_limit_delay_max_milliseconds: 1000
2018/05/02-06:37:55.218210 7fe1eb229a00                Options.disable_auto_compactions: 0
2018/05/02-06:37:55.218212 7fe1eb229a00                        Options.compaction_style: kCompactionStyleLevel
2018/05/02-06:37:55.218213 7fe1eb229a00                          Options.compaction_pri: kByCompensatedSize
2018/05/02-06:37:55.218214 7fe1eb229a00 Options.compaction_options_universal.size_ratio: 1
2018/05/02-06:37:55.218220 7fe1eb229a00 Options.compaction_options_universal.min_merge_width: 2
2018/05/02-06:37:55.218221 7fe1eb229a00 Options.compaction_options_universal.max_merge_width: 4294967295
2018/05/02-06:37:55.218222 7fe1eb229a00 Options.compaction_options_universal.max_size_amplification_percent: 200
2018/05/02-06:37:55.218223 7fe1eb229a00 Options.compaction_options_universal.compression_size_percent: -1
2018/05/02-06:37:55.218225 7fe1eb229a00 Options.compaction_options_universal.stop_style: kCompactionStopStyleTotalSize
2018/05/02-06:37:55.218226 7fe1eb229a00 Options.compaction_options_fifo.max_table_files_size: 0
2018/05/02-06:37:55.218227 7fe1eb229a00 Options.compaction_options_fifo.allow_compaction: 1
2018/05/02-06:37:55.218228 7fe1eb229a00 Options.compaction_options_fifo.ttl: 0
2018/05/02-06:37:55.218229 7fe1eb229a00                   Options.table_properties_collectors: 
2018/05/02-06:37:55.218230 7fe1eb229a00                   Options.inplace_update_support: 0
2018/05/02-06:37:55.218231 7fe1eb229a00                 Options.inplace_update_num_locks: 10000
2018/05/02-06:37:55.218232 7fe1eb229a00               Options.memtable_prefix_bloom_size_ratio: 0.000000
2018/05/02-06:37:55.218233 7fe1eb229a00   Options.memtable_huge_page_size: 0
2018/05/02-06:37:55.218234 7fe1eb229a00                           Options.bloom_locality: 0
2018/05/02-06:37:55.218235 7fe1eb229a00                    Options.max_successive_merges: 0
2018/05/02-06:37:55.218236 7fe1eb229a00                Options.optimize_filters_for_hits: 0
2018/05/02-06:37:55.218237 7fe1eb229a00                Options.paranoid_file_checks: 0
2018/05/02-06:37:55.218238 7fe1eb229a00                Options.force_consistency_checks: 0
2018/05/02-06:37:55.218239 7fe1eb229a00                Options.report_bg_io_stats: 0
2018/05/02-06:37:55.218240 7fe1eb229a00                               Options.ttl: 0
2018/05/02-06:37:55.416403 7fe1eb229a00 [db/version_set.cc:3362] Recovered from manifest file:/mnt/rocksdb/MANIFEST-000001 succeeded,manifest_file_number is 1, next_file_number is 3, last_sequence is 0, log_number is 0,prev_log_number is 0,max_column_family is 0,deleted_log_number is 0
2018/05/02-06:37:55.416416 7fe1eb229a00 [db/version_set.cc:3370] Column family [default] (ID 0), log number is 0
2018/05/02-06:37:55.421277 7fe1eb229a00 [db/db_impl_open.cc:1218] DB pointer 0x2767630
2018/05/02-06:37:59.265762 7fe1eb229a00 [db/db_impl.cc:252] Shutdown: canceling all background work
2018/05/02-06:37:59.268980 7fe1eb229a00 [db/db_impl.cc:397] Shutdown complete
