2018/05/02-06:36:55.198403 7f1b9e3dea00 RocksDB version: 5.13.0
2018/05/02-06:36:55.198432 7f1b9e3dea00 Git sha rocksdb_build_git_sha:ad155921d831611af1b50dbe0a3ed0dbc6dd5313
2018/05/02-06:36:55.198435 7f1b9e3dea00 Compile date Apr 30 2018
2018/05/02-06:36:55.198436 7f1b9e3dea00 DB SUMMARY
2018/05/02-06:36:55.198446 7f1b9e3dea00 SST files in /mnt/rocksdb dir, Total Num: 0, files: 
2018/05/02-06:36:55.198448 7f1b9e3dea00 Write Ahead Log file in /mnt/rocksdb: 
2018/05/02-06:36:55.198450 7f1b9e3dea00                         Options.error_if_exists: 0
2018/05/02-06:36:55.198451 7f1b9e3dea00                       Options.create_if_missing: 1
2018/05/02-06:36:55.198452 7f1b9e3dea00                         Options.paranoid_checks: 1
2018/05/02-06:36:55.198453 7f1b9e3dea00                                     Options.env: 0xb179a0
2018/05/02-06:36:55.198454 7f1b9e3dea00                                Options.info_log: 0x2728a10
2018/05/02-06:36:55.198455 7f1b9e3dea00                Options.max_file_opening_threads: 16
2018/05/02-06:36:55.198457 7f1b9e3dea00                              Options.statistics: 0x2728c70
2018/05/02-06:36:55.198458 7f1b9e3dea00                               Options.use_fsync: 0
2018/05/02-06:36:55.198458 7f1b9e3dea00                       Options.max_log_file_size: 0
2018/05/02-06:36:55.198460 7f1b9e3dea00                  Options.max_manifest_file_size: 18446744073709551615
2018/05/02-06:36:55.198461 7f1b9e3dea00                   Options.log_file_time_to_roll: 0
2018/05/02-06:36:55.198462 7f1b9e3dea00                       Options.keep_log_file_num: 1000
2018/05/02-06:36:55.198463 7f1b9e3dea00                    Options.recycle_log_file_num: 0
2018/05/02-06:36:55.198463 7f1b9e3dea00                         Options.allow_fallocate: 1
2018/05/02-06:36:55.198464 7f1b9e3dea00                        Options.allow_mmap_reads: 0
2018/05/02-06:36:55.198465 7f1b9e3dea00                       Options.allow_mmap_writes: 0
2018/05/02-06:36:55.198466 7f1b9e3dea00                        Options.use_direct_reads: 0
2018/05/02-06:36:55.198467 7f1b9e3dea00                        Options.use_direct_io_for_flush_and_compaction: 0
2018/05/02-06:36:55.198468 7f1b9e3dea00          Options.create_missing_column_families: 0
2018/05/02-06:36:55.198469 7f1b9e3dea00                              Options.db_log_dir: 
2018/05/02-06:36:55.198470 7f1b9e3dea00                                 Options.wal_dir: /mnt/rocksdb
2018/05/02-06:36:55.198471 7f1b9e3dea00                Options.table_cache_numshardbits: 4
2018/05/02-06:36:55.198472 7f1b9e3dea00                      Options.max_subcompactions: 1
2018/05/02-06:36:55.198473 7f1b9e3dea00                  Options.max_background_flushes: -1
2018/05/02-06:36:55.198474 7f1b9e3dea00                         Options.WAL_ttl_seconds: 0
2018/05/02-06:36:55.198475 7f1b9e3dea00                       Options.WAL_size_limit_MB: 0
2018/05/02-06:36:55.198476 7f1b9e3dea00             Options.manifest_preallocation_size: 4194304
2018/05/02-06:36:55.198477 7f1b9e3dea00                     Options.is_fd_close_on_exec: 1
2018/05/02-06:36:55.198478 7f1b9e3dea00                   Options.advise_random_on_open: 1
2018/05/02-06:36:55.198479 7f1b9e3dea00                    Options.db_write_buffer_size: 0
2018/05/02-06:36:55.198480 7f1b9e3dea00                    Options.write_buffer_manager: 0x2737fe0
2018/05/02-06:36:55.198481 7f1b9e3dea00         Options.access_hint_on_compaction_start: 1
2018/05/02-06:36:55.198482 7f1b9e3dea00  Options.new_table_reader_for_compaction_inputs: 1
2018/05/02-06:36:55.198483 7f1b9e3dea00           Options.random_access_max_buffer_size: 1048576
2018/05/02-06:36:55.198483 7f1b9e3dea00                      Options.use_adaptive_mutex: 0
2018/05/02-06:36:55.198484 7f1b9e3dea00                            Options.rate_limiter: (nil)
2018/05/02-06:36:55.198485 7f1b9e3dea00     Options.sst_file_manager.rate_bytes_per_sec: 0
2018/05/02-06:36:55.198486 7f1b9e3dea00                       Options.wal_recovery_mode: 2
2018/05/02-06:36:55.198487 7f1b9e3dea00                  Options.enable_thread_tracking: 0
2018/05/02-06:36:55.198488 7f1b9e3dea00                  Options.enable_pipelined_write: 0
2018/05/02-06:36:55.198494 7f1b9e3dea00         Options.allow_concurrent_memtable_write: 0
2018/05/02-06:36:55.198495 7f1b9e3dea00      Options.enable_write_thread_adaptive_yield: 1
2018/05/02-06:36:55.198496 7f1b9e3dea00             Options.write_thread_max_yield_usec: 100
2018/05/02-06:36:55.198497 7f1b9e3dea00            Options.write_thread_slow_yield_usec: 3
2018/05/02-06:36:55.198498 7f1b9e3dea00                               Options.row_cache: None
2018/05/02-06:36:55.198499 7f1b9e3dea00                              Options.wal_filter: None
2018/05/02-06:36:55.198500 7f1b9e3dea00             Options.avoid_flush_during_recovery: 0
2018/05/02-06:36:55.198501 7f1b9e3dea00             Options.allow_ingest_behind: 0
2018/05/02-06:36:55.198501 7f1b9e3dea00             Options.preserve_deletes: 0
2018/05/02-06:36:55.198502 7f1b9e3dea00             Options.two_write_queues: 0
2018/05/02-06:36:55.198503 7f1b9e3dea00             Options.manual_wal_flush: 0
2018/05/02-06:36:55.198504 7f1b9e3dea00             Options.max_background_jobs: 2
2018/05/02-06:36:55.198505 7f1b9e3dea00             Options.max_background_compactions: -1
2018/05/02-06:36:55.198506 7f1b9e3dea00             Options.avoid_flush_during_shutdown: 0
2018/05/02-06:36:55.198507 7f1b9e3dea00           Options.writable_file_max_buffer_size: 1048576
2018/05/02-06:36:55.198508 7f1b9e3dea00             Options.delayed_write_rate : 8388608
2018/05/02-06:36:55.198509 7f1b9e3dea00             Options.max_total_wal_size: 0
2018/05/02-06:36:55.198510 7f1b9e3dea00             Options.delete_obsolete_files_period_micros: 21600000000
2018/05/02-06:36:55.198511 7f1b9e3dea00                   Options.stats_dump_period_sec: 600
2018/05/02-06:36:55.198512 7f1b9e3dea00                          Options.max_open_files: -1
2018/05/02-06:36:55.198513 7f1b9e3dea00                          Options.bytes_per_sync: 0
2018/05/02-06:36:55.198514 7f1b9e3dea00                      Options.wal_bytes_per_sync: 0
2018/05/02-06:36:55.198515 7f1b9e3dea00       Options.compaction_readahead_size: 0
2018/05/02-06:36:55.198516 7f1b9e3dea00 Compression algorithms supported:
2018/05/02-06:36:55.198517 7f1b9e3dea00 	kZSTDNotFinalCompression supported: 1
2018/05/02-06:36:55.198519 7f1b9e3dea00 	kZSTD supported: 0
2018/05/02-06:36:55.198520 7f1b9e3dea00 	kXpressCompression supported: 0
2018/05/02-06:36:55.198521 7f1b9e3dea00 	kLZ4HCCompression supported: 1
2018/05/02-06:36:55.198523 7f1b9e3dea00 	kLZ4Compression supported: 1
2018/05/02-06:36:55.198524 7f1b9e3dea00 	kBZip2Compression supported: 1
2018/05/02-06:36:55.198525 7f1b9e3dea00 	kZlibCompression supported: 1
2018/05/02-06:36:55.198526 7f1b9e3dea00 	kSnappyCompression supported: 1
2018/05/02-06:36:55.198532 7f1b9e3dea00 Fast CRC32 supported: Supported on x86
2018/05/02-06:36:55.198557 7f1b9e3dea00 [db/db_impl_open.cc:222] Creating manifest 1 
2018/05/02-06:36:55.222985 7f1b9e3dea00 [db/version_set.cc:3088] Recovering from manifest file: MANIFEST-000001
2018/05/02-06:36:55.223029 7f1b9e3dea00 [db/column_family.cc:474] --------------- Options for column family [default]:
2018/05/02-06:36:55.223031 7f1b9e3dea00               Options.comparator: leveldb.BytewiseComparator
2018/05/02-06:36:55.223033 7f1b9e3dea00           Options.merge_operator: None
2018/05/02-06:36:55.223034 7f1b9e3dea00        Options.compaction_filter: None
2018/05/02-06:36:55.223035 7f1b9e3dea00        Options.compaction_filter_factory: None
2018/05/02-06:36:55.223036 7f1b9e3dea00         Options.memtable_factory: HashCuckooRepFactory
2018/05/02-06:36:55.223037 7f1b9e3dea00            Options.table_factory: BlockBasedTable
2018/05/02-06:36:55.223065 7f1b9e3dea00            table_factory options:   flush_block_policy_factory: FlushBlockBySizePolicyFactory (0x2733130)
  cache_index_and_filter_blocks: 0
  cache_index_and_filter_blocks_with_high_priority: 0
  pin_l0_filter_and_index_blocks_in_cache: 0
  index_type: 0
  hash_index_allow_collision: 1
  checksum: 1
  no_block_cache: 0
  block_cache: 0x27287d0
  block_cache_name: LRUCache
  block_cache_options:
    capacity : 8388608
    num_shard_bits : 6
    strict_capacity_limit : 0
    high_pri_pool_ratio: 0.000
  block_cache_compressed: (nil)
  persistent_cache: (nil)
  block_size: 4096
  block_size_deviation: 10
  block_restart_interval: 16
  index_block_restart_interval: 1
  metadata_block_size: 4096
  partition_filters: 0
  use_delta_encoding: 1
  filter_policy: nullptr
  whole_key_filtering: 1
  verify_compression: 0
  read_amp_bytes_per_bit: 0
  format_version: 2
  enable_index_compression: 1
  block_align: 0
2018/05/02-06:36:55.223078 7f1b9e3dea00        Options.write_buffer_size: 17179869184
2018/05/02-06:36:55.223079 7f1b9e3dea00  Options.max_write_buffer_number: 2
2018/05/02-06:36:55.223080 7f1b9e3dea00          Options.compression: Snappy
2018/05/02-06:36:55.223081 7f1b9e3dea00                  Options.bottommost_compression: Disabled
2018/05/02-06:36:55.223083 7f1b9e3dea00       Options.prefix_extractor: rocksdb.FixedPrefix.8
2018/05/02-06:36:55.223084 7f1b9e3dea00   Options.memtable_insert_with_hint_prefix_extractor: nullptr
2018/05/02-06:36:55.223085 7f1b9e3dea00             Options.num_levels: 7
2018/05/02-06:36:55.223086 7f1b9e3dea00        Options.min_write_buffer_number_to_merge: 1
2018/05/02-06:36:55.223087 7f1b9e3dea00     Options.max_write_buffer_number_to_maintain: 0
2018/05/02-06:36:55.223088 7f1b9e3dea00            Options.compression_opts.window_bits: -14
2018/05/02-06:36:55.223089 7f1b9e3dea00                  Options.compression_opts.level: -1
2018/05/02-06:36:55.223090 7f1b9e3dea00               Options.compression_opts.strategy: 0
2018/05/02-06:36:55.223091 7f1b9e3dea00         Options.compression_opts.max_dict_bytes: 0
2018/05/02-06:36:55.223092 7f1b9e3dea00         Options.compression_opts.zstd_max_train_bytes: 0
2018/05/02-06:36:55.223093 7f1b9e3dea00      Options.level0_file_num_compaction_trigger: 4
2018/05/02-06:36:55.223094 7f1b9e3dea00          Options.level0_slowdown_writes_trigger: 20
2018/05/02-06:36:55.223095 7f1b9e3dea00              Options.level0_stop_writes_trigger: 36
2018/05/02-06:36:55.223096 7f1b9e3dea00                   Options.target_file_size_base: 67108864
2018/05/02-06:36:55.223097 7f1b9e3dea00             Options.target_file_size_multiplier: 1
2018/05/02-06:36:55.223098 7f1b9e3dea00                Options.max_bytes_for_level_base: 268435456
2018/05/02-06:36:55.223099 7f1b9e3dea00 Options.level_compaction_dynamic_level_bytes: 0
2018/05/02-06:36:55.223100 7f1b9e3dea00          Options.max_bytes_for_level_multiplier: 10.000000
2018/05/02-06:36:55.223103 7f1b9e3dea00 Options.max_bytes_for_level_multiplier_addtl[0]: 1
2018/05/02-06:36:55.223104 7f1b9e3dea00 Options.max_bytes_for_level_multiplier_addtl[1]: 1
2018/05/02-06:36:55.223105 7f1b9e3dea00 Options.max_bytes_for_level_multiplier_addtl[2]: 1
2018/05/02-06:36:55.223106 7f1b9e3dea00 Options.max_bytes_for_level_multiplier_addtl[3]: 1
2018/05/02-06:36:55.223107 7f1b9e3dea00 Options.max_bytes_for_level_multiplier_addtl[4]: 1
2018/05/02-06:36:55.223107 7f1b9e3dea00 Options.max_bytes_for_level_multiplier_addtl[5]: 1
2018/05/02-06:36:55.223108 7f1b9e3dea00 Options.max_bytes_for_level_multiplier_addtl[6]: 1
2018/05/02-06:36:55.223109 7f1b9e3dea00       Options.max_sequential_skip_in_iterations: 8
2018/05/02-06:36:55.223110 7f1b9e3dea00                    Options.max_compaction_bytes: 1677721600
2018/05/02-06:36:55.223111 7f1b9e3dea00                        Options.arena_block_size: 2147483648
2018/05/02-06:36:55.223112 7f1b9e3dea00   Options.soft_pending_compaction_bytes_limit: 68719476736
2018/05/02-06:36:55.223113 7f1b9e3dea00   Options.hard_pending_compaction_bytes_limit: 137438953472
2018/05/02-06:36:55.223114 7f1b9e3dea00       Options.rate_limit_delay_max_milliseconds: 1000
2018/05/02-06:36:55.223115 7f1b9e3dea00                Options.disable_auto_compactions: 0
2018/05/02-06:36:55.223117 7f1b9e3dea00                        Options.compaction_style: kCompactionStyleLevel
2018/05/02-06:36:55.223119 7f1b9e3dea00                          Options.compaction_pri: kByCompensatedSize
2018/05/02-06:36:55.223120 7f1b9e3dea00 Options.compaction_options_universal.size_ratio: 1
2018/05/02-06:36:55.223125 7f1b9e3dea00 Options.compaction_options_universal.min_merge_width: 2
2018/05/02-06:36:55.223126 7f1b9e3dea00 Options.compaction_options_universal.max_merge_width: 4294967295
2018/05/02-06:36:55.223127 7f1b9e3dea00 Options.compaction_options_universal.max_size_amplification_percent: 200
2018/05/02-06:36:55.223128 7f1b9e3dea00 Options.compaction_options_universal.compression_size_percent: -1
2018/05/02-06:36:55.223129 7f1b9e3dea00 Options.compaction_options_universal.stop_style: kCompactionStopStyleTotalSize
2018/05/02-06:36:55.223131 7f1b9e3dea00 Options.compaction_options_fifo.max_table_files_size: 0
2018/05/02-06:36:55.223131 7f1b9e3dea00 Options.compaction_options_fifo.allow_compaction: 1
2018/05/02-06:36:55.223132 7f1b9e3dea00 Options.compaction_options_fifo.ttl: 0
2018/05/02-06:36:55.223133 7f1b9e3dea00                   Options.table_properties_collectors: 
2018/05/02-06:36:55.223134 7f1b9e3dea00                   Options.inplace_update_support: 0
2018/05/02-06:36:55.223135 7f1b9e3dea00                 Options.inplace_update_num_locks: 10000
2018/05/02-06:36:55.223136 7f1b9e3dea00               Options.memtable_prefix_bloom_size_ratio: 0.000000
2018/05/02-06:36:55.223138 7f1b9e3dea00   Options.memtable_huge_page_size: 0
2018/05/02-06:36:55.223139 7f1b9e3dea00                           Options.bloom_locality: 0
2018/05/02-06:36:55.223140 7f1b9e3dea00                    Options.max_successive_merges: 0
2018/05/02-06:36:55.223140 7f1b9e3dea00                Options.optimize_filters_for_hits: 0
2018/05/02-06:36:55.223141 7f1b9e3dea00                Options.paranoid_file_checks: 0
2018/05/02-06:36:55.223142 7f1b9e3dea00                Options.force_consistency_checks: 0
2018/05/02-06:36:55.223143 7f1b9e3dea00                Options.report_bg_io_stats: 0
2018/05/02-06:36:55.223144 7f1b9e3dea00                               Options.ttl: 0
2018/05/02-06:36:55.432254 7f1b9e3dea00 [db/version_set.cc:3362] Recovered from manifest file:/mnt/rocksdb/MANIFEST-000001 succeeded,manifest_file_number is 1, next_file_number is 3, last_sequence is 0, log_number is 0,prev_log_number is 0,max_column_family is 0,deleted_log_number is 0
2018/05/02-06:36:55.432266 7f1b9e3dea00 [db/version_set.cc:3370] Column family [default] (ID 0), log number is 0
2018/05/02-06:36:55.437219 7f1b9e3dea00 [db/db_impl_open.cc:1218] DB pointer 0x272f5b0
2018/05/02-06:36:57.377102 7f1b9e3dea00 [db/db_impl.cc:252] Shutdown: canceling all background work
2018/05/02-06:36:57.380222 7f1b9e3dea00 [db/db_impl.cc:397] Shutdown complete
