2018/05/02-04:47:46.471985 7f691badca00 RocksDB version: 5.13.0
2018/05/02-04:47:46.472005 7f691badca00 Git sha rocksdb_build_git_sha:ad155921d831611af1b50dbe0a3ed0dbc6dd5313
2018/05/02-04:47:46.472006 7f691badca00 Compile date Apr 30 2018
2018/05/02-04:47:46.472008 7f691badca00 DB SUMMARY
2018/05/02-04:47:46.472016 7f691badca00 SST files in /mnt/rocksdb dir, Total Num: 0, files: 
2018/05/02-04:47:46.472018 7f691badca00 Write Ahead Log file in /mnt/rocksdb: 
2018/05/02-04:47:46.472019 7f691badca00                         Options.error_if_exists: 0
2018/05/02-04:47:46.472020 7f691badca00                       Options.create_if_missing: 1
2018/05/02-04:47:46.472021 7f691badca00                         Options.paranoid_checks: 1
2018/05/02-04:47:46.472022 7f691badca00                                     Options.env: 0xb179a0
2018/05/02-04:47:46.472023 7f691badca00                                Options.info_log: 0x12ec680
2018/05/02-04:47:46.472024 7f691badca00                Options.max_file_opening_threads: 16
2018/05/02-04:47:46.472025 7f691badca00                              Options.statistics: 0x12d4c70
2018/05/02-04:47:46.472026 7f691badca00                               Options.use_fsync: 0
2018/05/02-04:47:46.472027 7f691badca00                       Options.max_log_file_size: 0
2018/05/02-04:47:46.472028 7f691badca00                  Options.max_manifest_file_size: 18446744073709551615
2018/05/02-04:47:46.472028 7f691badca00                   Options.log_file_time_to_roll: 0
2018/05/02-04:47:46.472029 7f691badca00                       Options.keep_log_file_num: 1000
2018/05/02-04:47:46.472030 7f691badca00                    Options.recycle_log_file_num: 0
2018/05/02-04:47:46.472031 7f691badca00                         Options.allow_fallocate: 1
2018/05/02-04:47:46.472032 7f691badca00                        Options.allow_mmap_reads: 0
2018/05/02-04:47:46.472033 7f691badca00                       Options.allow_mmap_writes: 0
2018/05/02-04:47:46.472033 7f691badca00                        Options.use_direct_reads: 0
2018/05/02-04:47:46.472034 7f691badca00                        Options.use_direct_io_for_flush_and_compaction: 0
2018/05/02-04:47:46.472035 7f691badca00          Options.create_missing_column_families: 0
2018/05/02-04:47:46.472036 7f691badca00                              Options.db_log_dir: 
2018/05/02-04:47:46.472037 7f691badca00                                 Options.wal_dir: /mnt/rocksdb
2018/05/02-04:47:46.472038 7f691badca00                Options.table_cache_numshardbits: 4
2018/05/02-04:47:46.472038 7f691badca00                      Options.max_subcompactions: 1
2018/05/02-04:47:46.472039 7f691badca00                  Options.max_background_flushes: -1
2018/05/02-04:47:46.472040 7f691badca00                         Options.WAL_ttl_seconds: 0
2018/05/02-04:47:46.472041 7f691badca00                       Options.WAL_size_limit_MB: 0
2018/05/02-04:47:46.472042 7f691badca00             Options.manifest_preallocation_size: 4194304
2018/05/02-04:47:46.472043 7f691badca00                     Options.is_fd_close_on_exec: 1
2018/05/02-04:47:46.472043 7f691badca00                   Options.advise_random_on_open: 1
2018/05/02-04:47:46.472044 7f691badca00                    Options.db_write_buffer_size: 0
2018/05/02-04:47:46.472045 7f691badca00                    Options.write_buffer_manager: 0x12d4a10
2018/05/02-04:47:46.472046 7f691badca00         Options.access_hint_on_compaction_start: 1
2018/05/02-04:47:46.472047 7f691badca00  Options.new_table_reader_for_compaction_inputs: 1
2018/05/02-04:47:46.472048 7f691badca00           Options.random_access_max_buffer_size: 1048576
2018/05/02-04:47:46.472049 7f691badca00                      Options.use_adaptive_mutex: 0
2018/05/02-04:47:46.472049 7f691badca00                            Options.rate_limiter: (nil)
2018/05/02-04:47:46.472050 7f691badca00     Options.sst_file_manager.rate_bytes_per_sec: 0
2018/05/02-04:47:46.472051 7f691badca00                       Options.wal_recovery_mode: 2
2018/05/02-04:47:46.472052 7f691badca00                  Options.enable_thread_tracking: 0
2018/05/02-04:47:46.472053 7f691badca00                  Options.enable_pipelined_write: 0
2018/05/02-04:47:46.472058 7f691badca00         Options.allow_concurrent_memtable_write: 0
2018/05/02-04:47:46.472059 7f691badca00      Options.enable_write_thread_adaptive_yield: 1
2018/05/02-04:47:46.472060 7f691badca00             Options.write_thread_max_yield_usec: 100
2018/05/02-04:47:46.472061 7f691badca00            Options.write_thread_slow_yield_usec: 3
2018/05/02-04:47:46.472062 7f691badca00                               Options.row_cache: None
2018/05/02-04:47:46.472062 7f691badca00                              Options.wal_filter: None
2018/05/02-04:47:46.472063 7f691badca00             Options.avoid_flush_during_recovery: 0
2018/05/02-04:47:46.472064 7f691badca00             Options.allow_ingest_behind: 0
2018/05/02-04:47:46.472065 7f691badca00             Options.preserve_deletes: 0
2018/05/02-04:47:46.472066 7f691badca00             Options.two_write_queues: 0
2018/05/02-04:47:46.472066 7f691badca00             Options.manual_wal_flush: 0
2018/05/02-04:47:46.472067 7f691badca00             Options.max_background_jobs: 2
2018/05/02-04:47:46.472068 7f691badca00             Options.max_background_compactions: -1
2018/05/02-04:47:46.472069 7f691badca00             Options.avoid_flush_during_shutdown: 0
2018/05/02-04:47:46.472070 7f691badca00           Options.writable_file_max_buffer_size: 1048576
2018/05/02-04:47:46.472071 7f691badca00             Options.delayed_write_rate : 8388608
2018/05/02-04:47:46.472071 7f691badca00             Options.max_total_wal_size: 0
2018/05/02-04:47:46.472072 7f691badca00             Options.delete_obsolete_files_period_micros: 21600000000
2018/05/02-04:47:46.472073 7f691badca00                   Options.stats_dump_period_sec: 600
2018/05/02-04:47:46.472074 7f691badca00                          Options.max_open_files: -1
2018/05/02-04:47:46.472075 7f691badca00                          Options.bytes_per_sync: 0
2018/05/02-04:47:46.472076 7f691badca00                      Options.wal_bytes_per_sync: 0
2018/05/02-04:47:46.472077 7f691badca00       Options.compaction_readahead_size: 0
2018/05/02-04:47:46.472077 7f691badca00 Compression algorithms supported:
2018/05/02-04:47:46.472079 7f691badca00 	kZSTDNotFinalCompression supported: 1
2018/05/02-04:47:46.472080 7f691badca00 	kZSTD supported: 0
2018/05/02-04:47:46.472081 7f691badca00 	kXpressCompression supported: 0
2018/05/02-04:47:46.472082 7f691badca00 	kLZ4HCCompression supported: 1
2018/05/02-04:47:46.472084 7f691badca00 	kLZ4Compression supported: 1
2018/05/02-04:47:46.472085 7f691badca00 	kBZip2Compression supported: 1
2018/05/02-04:47:46.472085 7f691badca00 	kZlibCompression supported: 1
2018/05/02-04:47:46.472086 7f691badca00 	kSnappyCompression supported: 1
2018/05/02-04:47:46.472093 7f691badca00 Fast CRC32 supported: Supported on x86
2018/05/02-04:47:46.472113 7f691badca00 [db/db_impl_open.cc:222] Creating manifest 1 
2018/05/02-04:47:46.496459 7f691badca00 [db/version_set.cc:3088] Recovering from manifest file: MANIFEST-000001
2018/05/02-04:47:46.496495 7f691badca00 [db/column_family.cc:474] --------------- Options for column family [default]:
2018/05/02-04:47:46.496497 7f691badca00               Options.comparator: leveldb.BytewiseComparator
2018/05/02-04:47:46.496499 7f691badca00           Options.merge_operator: None
2018/05/02-04:47:46.496500 7f691badca00        Options.compaction_filter: None
2018/05/02-04:47:46.496500 7f691badca00        Options.compaction_filter_factory: None
2018/05/02-04:47:46.496502 7f691badca00         Options.memtable_factory: HashCuckooRepFactory
2018/05/02-04:47:46.496503 7f691badca00            Options.table_factory: BlockBasedTable
2018/05/02-04:47:46.496523 7f691badca00            table_factory options:   flush_block_policy_factory: FlushBlockBySizePolicyFactory (0x12df130)
  cache_index_and_filter_blocks: 0
  cache_index_and_filter_blocks_with_high_priority: 0
  pin_l0_filter_and_index_blocks_in_cache: 0
  index_type: 0
  hash_index_allow_collision: 1
  checksum: 1
  no_block_cache: 0
  block_cache: 0x12d47d0
  block_cache_name: LRUCache
  block_cache_options:
    capacity : 8388608
    num_shard_bits : 6
    strict_capacity_limit : 0
    high_pri_pool_ratio: 0.000
  block_cache_compressed: (nil)
  persistent_cache: (nil)
  block_size: 4096
  block_size_deviation: 10
  block_restart_interval: 16
  index_block_restart_interval: 1
  metadata_block_size: 4096
  partition_filters: 0
  use_delta_encoding: 1
  filter_policy: nullptr
  whole_key_filtering: 1
  verify_compression: 0
  read_amp_bytes_per_bit: 0
  format_version: 2
  enable_index_compression: 1
  block_align: 0
2018/05/02-04:47:46.496533 7f691badca00        Options.write_buffer_size: 17179869184
2018/05/02-04:47:46.496534 7f691badca00  Options.max_write_buffer_number: 2
2018/05/02-04:47:46.496536 7f691badca00          Options.compression: Snappy
2018/05/02-04:47:46.496537 7f691badca00                  Options.bottommost_compression: Disabled
2018/05/02-04:47:46.496538 7f691badca00       Options.prefix_extractor: rocksdb.FixedPrefix.8
2018/05/02-04:47:46.496539 7f691badca00   Options.memtable_insert_with_hint_prefix_extractor: nullptr
2018/05/02-04:47:46.496539 7f691badca00             Options.num_levels: 7
2018/05/02-04:47:46.496540 7f691badca00        Options.min_write_buffer_number_to_merge: 1
2018/05/02-04:47:46.496541 7f691badca00     Options.max_write_buffer_number_to_maintain: 0
2018/05/02-04:47:46.496542 7f691badca00            Options.compression_opts.window_bits: -14
2018/05/02-04:47:46.496543 7f691badca00                  Options.compression_opts.level: -1
2018/05/02-04:47:46.496544 7f691badca00               Options.compression_opts.strategy: 0
2018/05/02-04:47:46.496545 7f691badca00         Options.compression_opts.max_dict_bytes: 0
2018/05/02-04:47:46.496546 7f691badca00         Options.compression_opts.zstd_max_train_bytes: 0
2018/05/02-04:47:46.496547 7f691badca00      Options.level0_file_num_compaction_trigger: 4
2018/05/02-04:47:46.496547 7f691badca00          Options.level0_slowdown_writes_trigger: 20
2018/05/02-04:47:46.496548 7f691badca00              Options.level0_stop_writes_trigger: 36
2018/05/02-04:47:46.496549 7f691badca00                   Options.target_file_size_base: 67108864
2018/05/02-04:47:46.496550 7f691badca00             Options.target_file_size_multiplier: 1
2018/05/02-04:47:46.496551 7f691badca00                Options.max_bytes_for_level_base: 268435456
2018/05/02-04:47:46.496552 7f691badca00 Options.level_compaction_dynamic_level_bytes: 0
2018/05/02-04:47:46.496553 7f691badca00          Options.max_bytes_for_level_multiplier: 10.000000
2018/05/02-04:47:46.496554 7f691badca00 Options.max_bytes_for_level_multiplier_addtl[0]: 1
2018/05/02-04:47:46.496555 7f691badca00 Options.max_bytes_for_level_multiplier_addtl[1]: 1
2018/05/02-04:47:46.496556 7f691badca00 Options.max_bytes_for_level_multiplier_addtl[2]: 1
2018/05/02-04:47:46.496557 7f691badca00 Options.max_bytes_for_level_multiplier_addtl[3]: 1
2018/05/02-04:47:46.496558 7f691badca00 Options.max_bytes_for_level_multiplier_addtl[4]: 1
2018/05/02-04:47:46.496559 7f691badca00 Options.max_bytes_for_level_multiplier_addtl[5]: 1
2018/05/02-04:47:46.496560 7f691badca00 Options.max_bytes_for_level_multiplier_addtl[6]: 1
2018/05/02-04:47:46.496560 7f691badca00       Options.max_sequential_skip_in_iterations: 8
2018/05/02-04:47:46.496561 7f691badca00                    Options.max_compaction_bytes: 1677721600
2018/05/02-04:47:46.496562 7f691badca00                        Options.arena_block_size: 2147483648
2018/05/02-04:47:46.496563 7f691badca00   Options.soft_pending_compaction_bytes_limit: 68719476736
2018/05/02-04:47:46.496564 7f691badca00   Options.hard_pending_compaction_bytes_limit: 137438953472
2018/05/02-04:47:46.496565 7f691badca00       Options.rate_limit_delay_max_milliseconds: 1000
2018/05/02-04:47:46.496566 7f691badca00                Options.disable_auto_compactions: 0
2018/05/02-04:47:46.496567 7f691badca00                        Options.compaction_style: kCompactionStyleLevel
2018/05/02-04:47:46.496569 7f691badca00                          Options.compaction_pri: kByCompensatedSize
2018/05/02-04:47:46.496570 7f691badca00 Options.compaction_options_universal.size_ratio: 1
2018/05/02-04:47:46.496574 7f691badca00 Options.compaction_options_universal.min_merge_width: 2
2018/05/02-04:47:46.496575 7f691badca00 Options.compaction_options_universal.max_merge_width: 4294967295
2018/05/02-04:47:46.496576 7f691badca00 Options.compaction_options_universal.max_size_amplification_percent: 200
2018/05/02-04:47:46.496577 7f691badca00 Options.compaction_options_universal.compression_size_percent: -1
2018/05/02-04:47:46.496578 7f691badca00 Options.compaction_options_universal.stop_style: kCompactionStopStyleTotalSize
2018/05/02-04:47:46.496579 7f691badca00 Options.compaction_options_fifo.max_table_files_size: 0
2018/05/02-04:47:46.496580 7f691badca00 Options.compaction_options_fifo.allow_compaction: 1
2018/05/02-04:47:46.496581 7f691badca00 Options.compaction_options_fifo.ttl: 0
2018/05/02-04:47:46.496582 7f691badca00                   Options.table_properties_collectors: 
2018/05/02-04:47:46.496583 7f691badca00                   Options.inplace_update_support: 0
2018/05/02-04:47:46.496583 7f691badca00                 Options.inplace_update_num_locks: 10000
2018/05/02-04:47:46.496584 7f691badca00               Options.memtable_prefix_bloom_size_ratio: 0.000000
2018/05/02-04:47:46.496585 7f691badca00   Options.memtable_huge_page_size: 0
2018/05/02-04:47:46.496586 7f691badca00                           Options.bloom_locality: 0
2018/05/02-04:47:46.496587 7f691badca00                    Options.max_successive_merges: 0
2018/05/02-04:47:46.496588 7f691badca00                Options.optimize_filters_for_hits: 0
2018/05/02-04:47:46.496589 7f691badca00                Options.paranoid_file_checks: 0
2018/05/02-04:47:46.496590 7f691badca00                Options.force_consistency_checks: 0
2018/05/02-04:47:46.496590 7f691badca00                Options.report_bg_io_stats: 0
2018/05/02-04:47:46.496591 7f691badca00                               Options.ttl: 0
2018/05/02-04:47:46.692042 7f691badca00 [db/version_set.cc:3362] Recovered from manifest file:/mnt/rocksdb/MANIFEST-000001 succeeded,manifest_file_number is 1, next_file_number is 3, last_sequence is 0, log_number is 0,prev_log_number is 0,max_column_family is 0,deleted_log_number is 0
2018/05/02-04:47:46.692055 7f691badca00 [db/version_set.cc:3370] Column family [default] (ID 0), log number is 0
2018/05/02-04:47:46.696711 7f691badca00 [db/db_impl_open.cc:1218] DB pointer 0x12db5b0
2018/05/02-04:47:50.809521 7f691badca00 [db/db_impl.cc:252] Shutdown: canceling all background work
2018/05/02-04:47:50.812640 7f691badca00 [db/db_impl.cc:397] Shutdown complete
