2018/05/02-04:48:42.734308 7f44846a2a00 RocksDB version: 5.13.0
2018/05/02-04:48:42.734329 7f44846a2a00 Git sha rocksdb_build_git_sha:9fd8a84934e07cda550848532e327d310e7e1836
2018/05/02-04:48:42.734331 7f44846a2a00 Compile date Apr 30 2018
2018/05/02-04:48:42.734332 7f44846a2a00 DB SUMMARY
2018/05/02-04:48:42.734354 7f44846a2a00 SST files in /mnt/rocksdb dir, Total Num: 0, files: 
2018/05/02-04:48:42.734356 7f44846a2a00 Write Ahead Log file in /mnt/rocksdb: 
2018/05/02-04:48:42.734357 7f44846a2a00                         Options.error_if_exists: 0
2018/05/02-04:48:42.734358 7f44846a2a00                       Options.create_if_missing: 1
2018/05/02-04:48:42.734359 7f44846a2a00                         Options.paranoid_checks: 1
2018/05/02-04:48:42.734360 7f44846a2a00                                     Options.env: 0xb149a0
2018/05/02-04:48:42.734361 7f44846a2a00                                Options.info_log: 0x1058e90
2018/05/02-04:48:42.734362 7f44846a2a00                Options.max_file_opening_threads: 16
2018/05/02-04:48:42.734363 7f44846a2a00                              Options.statistics: 0x104ec70
2018/05/02-04:48:42.734364 7f44846a2a00                               Options.use_fsync: 0
2018/05/02-04:48:42.734365 7f44846a2a00                       Options.max_log_file_size: 0
2018/05/02-04:48:42.734366 7f44846a2a00                  Options.max_manifest_file_size: 18446744073709551615
2018/05/02-04:48:42.734367 7f44846a2a00                   Options.log_file_time_to_roll: 0
2018/05/02-04:48:42.734368 7f44846a2a00                       Options.keep_log_file_num: 1000
2018/05/02-04:48:42.734369 7f44846a2a00                    Options.recycle_log_file_num: 0
2018/05/02-04:48:42.734370 7f44846a2a00                         Options.allow_fallocate: 1
2018/05/02-04:48:42.734371 7f44846a2a00                        Options.allow_mmap_reads: 0
2018/05/02-04:48:42.734372 7f44846a2a00                       Options.allow_mmap_writes: 0
2018/05/02-04:48:42.734373 7f44846a2a00                        Options.use_direct_reads: 0
2018/05/02-04:48:42.734374 7f44846a2a00                        Options.use_direct_io_for_flush_and_compaction: 0
2018/05/02-04:48:42.734375 7f44846a2a00          Options.create_missing_column_families: 0
2018/05/02-04:48:42.734375 7f44846a2a00                              Options.db_log_dir: 
2018/05/02-04:48:42.734376 7f44846a2a00                                 Options.wal_dir: /mnt/rocksdb
2018/05/02-04:48:42.734377 7f44846a2a00                Options.table_cache_numshardbits: 4
2018/05/02-04:48:42.734378 7f44846a2a00                      Options.max_subcompactions: 1
2018/05/02-04:48:42.734379 7f44846a2a00                  Options.max_background_flushes: -1
2018/05/02-04:48:42.734380 7f44846a2a00                         Options.WAL_ttl_seconds: 0
2018/05/02-04:48:42.734381 7f44846a2a00                       Options.WAL_size_limit_MB: 0
2018/05/02-04:48:42.734382 7f44846a2a00             Options.manifest_preallocation_size: 4194304
2018/05/02-04:48:42.734383 7f44846a2a00                     Options.is_fd_close_on_exec: 1
2018/05/02-04:48:42.734384 7f44846a2a00                   Options.advise_random_on_open: 1
2018/05/02-04:48:42.734385 7f44846a2a00                    Options.db_write_buffer_size: 0
2018/05/02-04:48:42.734385 7f44846a2a00                    Options.write_buffer_manager: 0x1058dc0
2018/05/02-04:48:42.734386 7f44846a2a00         Options.access_hint_on_compaction_start: 1
2018/05/02-04:48:42.734387 7f44846a2a00  Options.new_table_reader_for_compaction_inputs: 1
2018/05/02-04:48:42.734388 7f44846a2a00           Options.random_access_max_buffer_size: 1048576
2018/05/02-04:48:42.734389 7f44846a2a00                      Options.use_adaptive_mutex: 0
2018/05/02-04:48:42.734390 7f44846a2a00                            Options.rate_limiter: (nil)
2018/05/02-04:48:42.734391 7f44846a2a00     Options.sst_file_manager.rate_bytes_per_sec: 0
2018/05/02-04:48:42.734392 7f44846a2a00                       Options.wal_recovery_mode: 2
2018/05/02-04:48:42.734393 7f44846a2a00                  Options.enable_thread_tracking: 0
2018/05/02-04:48:42.734394 7f44846a2a00                  Options.enable_pipelined_write: 0
2018/05/02-04:48:42.734400 7f44846a2a00         Options.allow_concurrent_memtable_write: 0
2018/05/02-04:48:42.734401 7f44846a2a00      Options.enable_write_thread_adaptive_yield: 1
2018/05/02-04:48:42.734401 7f44846a2a00             Options.write_thread_max_yield_usec: 100
2018/05/02-04:48:42.734402 7f44846a2a00            Options.write_thread_slow_yield_usec: 3
2018/05/02-04:48:42.734403 7f44846a2a00                               Options.row_cache: None
2018/05/02-04:48:42.734404 7f44846a2a00                              Options.wal_filter: None
2018/05/02-04:48:42.734405 7f44846a2a00             Options.avoid_flush_during_recovery: 0
2018/05/02-04:48:42.734406 7f44846a2a00             Options.allow_ingest_behind: 0
2018/05/02-04:48:42.734407 7f44846a2a00             Options.preserve_deletes: 0
2018/05/02-04:48:42.734408 7f44846a2a00             Options.two_write_queues: 0
2018/05/02-04:48:42.734409 7f44846a2a00             Options.manual_wal_flush: 0
2018/05/02-04:48:42.734409 7f44846a2a00             Options.max_background_jobs: 2
2018/05/02-04:48:42.734410 7f44846a2a00             Options.max_background_compactions: -1
2018/05/02-04:48:42.734411 7f44846a2a00             Options.avoid_flush_during_shutdown: 0
2018/05/02-04:48:42.734412 7f44846a2a00           Options.writable_file_max_buffer_size: 1048576
2018/05/02-04:48:42.734413 7f44846a2a00             Options.delayed_write_rate : 8388608
2018/05/02-04:48:42.734414 7f44846a2a00             Options.max_total_wal_size: 0
2018/05/02-04:48:42.734415 7f44846a2a00             Options.delete_obsolete_files_period_micros: 21600000000
2018/05/02-04:48:42.734416 7f44846a2a00                   Options.stats_dump_period_sec: 600
2018/05/02-04:48:42.734417 7f44846a2a00                          Options.max_open_files: -1
2018/05/02-04:48:42.734418 7f44846a2a00                          Options.bytes_per_sync: 0
2018/05/02-04:48:42.734418 7f44846a2a00                      Options.wal_bytes_per_sync: 0
2018/05/02-04:48:42.734419 7f44846a2a00       Options.compaction_readahead_size: 0
2018/05/02-04:48:42.734420 7f44846a2a00 Compression algorithms supported:
2018/05/02-04:48:42.734422 7f44846a2a00 	kZSTDNotFinalCompression supported: 1
2018/05/02-04:48:42.734423 7f44846a2a00 	kZSTD supported: 0
2018/05/02-04:48:42.734424 7f44846a2a00 	kXpressCompression supported: 0
2018/05/02-04:48:42.734425 7f44846a2a00 	kLZ4HCCompression supported: 1
2018/05/02-04:48:42.734426 7f44846a2a00 	kLZ4Compression supported: 1
2018/05/02-04:48:42.734428 7f44846a2a00 	kBZip2Compression supported: 1
2018/05/02-04:48:42.734429 7f44846a2a00 	kZlibCompression supported: 1
2018/05/02-04:48:42.734430 7f44846a2a00 	kSnappyCompression supported: 1
2018/05/02-04:48:42.734433 7f44846a2a00 Fast CRC32 supported: Supported on x86
2018/05/02-04:48:42.734454 7f44846a2a00 [db/db_impl_open.cc:222] Creating manifest 1 
2018/05/02-04:48:42.758530 7f44846a2a00 [db/version_set.cc:3088] Recovering from manifest file: MANIFEST-000001
2018/05/02-04:48:42.758566 7f44846a2a00 [db/column_family.cc:474] --------------- Options for column family [default]:
2018/05/02-04:48:42.758568 7f44846a2a00               Options.comparator: leveldb.BytewiseComparator
2018/05/02-04:48:42.758569 7f44846a2a00           Options.merge_operator: None
2018/05/02-04:48:42.758570 7f44846a2a00        Options.compaction_filter: None
2018/05/02-04:48:42.758571 7f44846a2a00        Options.compaction_filter_factory: None
2018/05/02-04:48:42.758572 7f44846a2a00         Options.memtable_factory: HashCuckooRepFactory
2018/05/02-04:48:42.758573 7f44846a2a00            Options.table_factory: BlockBasedTable
2018/05/02-04:48:42.758595 7f44846a2a00            table_factory options:   flush_block_policy_factory: FlushBlockBySizePolicyFactory (0x1059150)
  cache_index_and_filter_blocks: 0
  cache_index_and_filter_blocks_with_high_priority: 0
  pin_l0_filter_and_index_blocks_in_cache: 0
  index_type: 0
  hash_index_allow_collision: 1
  checksum: 1
  no_block_cache: 0
  block_cache: 0x104e7d0
  block_cache_name: LRUCache
  block_cache_options:
    capacity : 8388608
    num_shard_bits : 6
    strict_capacity_limit : 0
    high_pri_pool_ratio: 0.000
  block_cache_compressed: (nil)
  persistent_cache: (nil)
  block_size: 4096
  block_size_deviation: 10
  block_restart_interval: 16
  index_block_restart_interval: 1
  metadata_block_size: 4096
  partition_filters: 0
  use_delta_encoding: 1
  filter_policy: nullptr
  whole_key_filtering: 1
  verify_compression: 0
  read_amp_bytes_per_bit: 0
  format_version: 2
  enable_index_compression: 1
  block_align: 0
2018/05/02-04:48:42.758605 7f44846a2a00        Options.write_buffer_size: 17179869184
2018/05/02-04:48:42.758606 7f44846a2a00  Options.max_write_buffer_number: 2
2018/05/02-04:48:42.758607 7f44846a2a00          Options.compression: Snappy
2018/05/02-04:48:42.758609 7f44846a2a00                  Options.bottommost_compression: Disabled
2018/05/02-04:48:42.758610 7f44846a2a00       Options.prefix_extractor: rocksdb.FixedPrefix.8
2018/05/02-04:48:42.758611 7f44846a2a00   Options.memtable_insert_with_hint_prefix_extractor: nullptr
2018/05/02-04:48:42.758612 7f44846a2a00             Options.num_levels: 7
2018/05/02-04:48:42.758613 7f44846a2a00        Options.min_write_buffer_number_to_merge: 1
2018/05/02-04:48:42.758614 7f44846a2a00     Options.max_write_buffer_number_to_maintain: 0
2018/05/02-04:48:42.758615 7f44846a2a00            Options.compression_opts.window_bits: -14
2018/05/02-04:48:42.758616 7f44846a2a00                  Options.compression_opts.level: -1
2018/05/02-04:48:42.758617 7f44846a2a00               Options.compression_opts.strategy: 0
2018/05/02-04:48:42.758618 7f44846a2a00         Options.compression_opts.max_dict_bytes: 0
2018/05/02-04:48:42.758619 7f44846a2a00         Options.compression_opts.zstd_max_train_bytes: 0
2018/05/02-04:48:42.758620 7f44846a2a00      Options.level0_file_num_compaction_trigger: 4
2018/05/02-04:48:42.758621 7f44846a2a00          Options.level0_slowdown_writes_trigger: 20
2018/05/02-04:48:42.758621 7f44846a2a00              Options.level0_stop_writes_trigger: 36
2018/05/02-04:48:42.758622 7f44846a2a00                   Options.target_file_size_base: 67108864
2018/05/02-04:48:42.758623 7f44846a2a00             Options.target_file_size_multiplier: 1
2018/05/02-04:48:42.758624 7f44846a2a00                Options.max_bytes_for_level_base: 268435456
2018/05/02-04:48:42.758625 7f44846a2a00 Options.level_compaction_dynamic_level_bytes: 0
2018/05/02-04:48:42.758626 7f44846a2a00          Options.max_bytes_for_level_multiplier: 10.000000
2018/05/02-04:48:42.758628 7f44846a2a00 Options.max_bytes_for_level_multiplier_addtl[0]: 1
2018/05/02-04:48:42.758629 7f44846a2a00 Options.max_bytes_for_level_multiplier_addtl[1]: 1
2018/05/02-04:48:42.758630 7f44846a2a00 Options.max_bytes_for_level_multiplier_addtl[2]: 1
2018/05/02-04:48:42.758631 7f44846a2a00 Options.max_bytes_for_level_multiplier_addtl[3]: 1
2018/05/02-04:48:42.758632 7f44846a2a00 Options.max_bytes_for_level_multiplier_addtl[4]: 1
2018/05/02-04:48:42.758633 7f44846a2a00 Options.max_bytes_for_level_multiplier_addtl[5]: 1
2018/05/02-04:48:42.758633 7f44846a2a00 Options.max_bytes_for_level_multiplier_addtl[6]: 1
2018/05/02-04:48:42.758634 7f44846a2a00       Options.max_sequential_skip_in_iterations: 8
2018/05/02-04:48:42.758635 7f44846a2a00                    Options.max_compaction_bytes: 1677721600
2018/05/02-04:48:42.758636 7f44846a2a00                        Options.arena_block_size: 2147483648
2018/05/02-04:48:42.758637 7f44846a2a00   Options.soft_pending_compaction_bytes_limit: 68719476736
2018/05/02-04:48:42.758638 7f44846a2a00   Options.hard_pending_compaction_bytes_limit: 137438953472
2018/05/02-04:48:42.758639 7f44846a2a00       Options.rate_limit_delay_max_milliseconds: 1000
2018/05/02-04:48:42.758640 7f44846a2a00                Options.disable_auto_compactions: 0
2018/05/02-04:48:42.758642 7f44846a2a00                        Options.compaction_style: kCompactionStyleLevel
2018/05/02-04:48:42.758643 7f44846a2a00                          Options.compaction_pri: kByCompensatedSize
2018/05/02-04:48:42.758644 7f44846a2a00 Options.compaction_options_universal.size_ratio: 1
2018/05/02-04:48:42.758648 7f44846a2a00 Options.compaction_options_universal.min_merge_width: 2
2018/05/02-04:48:42.758649 7f44846a2a00 Options.compaction_options_universal.max_merge_width: 4294967295
2018/05/02-04:48:42.758650 7f44846a2a00 Options.compaction_options_universal.max_size_amplification_percent: 200
2018/05/02-04:48:42.758651 7f44846a2a00 Options.compaction_options_universal.compression_size_percent: -1
2018/05/02-04:48:42.758653 7f44846a2a00 Options.compaction_options_universal.stop_style: kCompactionStopStyleTotalSize
2018/05/02-04:48:42.758654 7f44846a2a00 Options.compaction_options_fifo.max_table_files_size: 0
2018/05/02-04:48:42.758655 7f44846a2a00 Options.compaction_options_fifo.allow_compaction: 1
2018/05/02-04:48:42.758656 7f44846a2a00 Options.compaction_options_fifo.ttl: 0
2018/05/02-04:48:42.758657 7f44846a2a00                   Options.table_properties_collectors: 
2018/05/02-04:48:42.758658 7f44846a2a00                   Options.inplace_update_support: 0
2018/05/02-04:48:42.758658 7f44846a2a00                 Options.inplace_update_num_locks: 10000
2018/05/02-04:48:42.758659 7f44846a2a00               Options.memtable_prefix_bloom_size_ratio: 0.000000
2018/05/02-04:48:42.758661 7f44846a2a00   Options.memtable_huge_page_size: 0
2018/05/02-04:48:42.758661 7f44846a2a00                           Options.bloom_locality: 0
2018/05/02-04:48:42.758662 7f44846a2a00                    Options.max_successive_merges: 0
2018/05/02-04:48:42.758663 7f44846a2a00                Options.optimize_filters_for_hits: 0
2018/05/02-04:48:42.758664 7f44846a2a00                Options.paranoid_file_checks: 0
2018/05/02-04:48:42.758665 7f44846a2a00                Options.force_consistency_checks: 0
2018/05/02-04:48:42.758666 7f44846a2a00                Options.report_bg_io_stats: 0
2018/05/02-04:48:42.758667 7f44846a2a00                               Options.ttl: 0
2018/05/02-04:48:42.945327 7f44846a2a00 [db/version_set.cc:3362] Recovered from manifest file:/mnt/rocksdb/MANIFEST-000001 succeeded,manifest_file_number is 1, next_file_number is 3, last_sequence is 0, log_number is 0,prev_log_number is 0,max_column_family is 0,deleted_log_number is 0
2018/05/02-04:48:42.945339 7f44846a2a00 [db/version_set.cc:3370] Column family [default] (ID 0), log number is 0
2018/05/02-04:48:42.950236 7f44846a2a00 [db/db_impl_open.cc:1218] DB pointer 0x1055630
2018/05/02-04:48:46.083646 7f44846a2a00 [db/db_impl.cc:252] Shutdown: canceling all background work
2018/05/02-04:48:46.086618 7f44846a2a00 [db/db_impl.cc:397] Shutdown complete
