2018/05/02-06:33:53.585483 7f976c390a00 RocksDB version: 5.13.0
2018/05/02-06:33:53.585509 7f976c390a00 Git sha rocksdb_build_git_sha:3be9b364539d382ce282cad80b5c05c58fd2d8a7
2018/05/02-06:33:53.585511 7f976c390a00 Compile date Apr 27 2018
2018/05/02-06:33:53.585512 7f976c390a00 DB SUMMARY
2018/05/02-06:33:53.585522 7f976c390a00 SST files in /mnt/rocksdb dir, Total Num: 0, files: 
2018/05/02-06:33:53.585524 7f976c390a00 Write Ahead Log file in /mnt/rocksdb: 
2018/05/02-06:33:53.585526 7f976c390a00                         Options.error_if_exists: 0
2018/05/02-06:33:53.585527 7f976c390a00                       Options.create_if_missing: 1
2018/05/02-06:33:53.585528 7f976c390a00                         Options.paranoid_checks: 1
2018/05/02-06:33:53.585529 7f976c390a00                                     Options.env: 0xb1d9a0
2018/05/02-06:33:53.585530 7f976c390a00                                Options.info_log: 0x10db9d0
2018/05/02-06:33:53.585532 7f976c390a00                Options.max_file_opening_threads: 16
2018/05/02-06:33:53.585533 7f976c390a00                              Options.statistics: 0x10c37d0
2018/05/02-06:33:53.585534 7f976c390a00                               Options.use_fsync: 0
2018/05/02-06:33:53.585535 7f976c390a00                       Options.max_log_file_size: 0
2018/05/02-06:33:53.585536 7f976c390a00                  Options.max_manifest_file_size: 18446744073709551615
2018/05/02-06:33:53.585537 7f976c390a00                   Options.log_file_time_to_roll: 0
2018/05/02-06:33:53.585538 7f976c390a00                       Options.keep_log_file_num: 1000
2018/05/02-06:33:53.585539 7f976c390a00                    Options.recycle_log_file_num: 0
2018/05/02-06:33:53.585540 7f976c390a00                         Options.allow_fallocate: 1
2018/05/02-06:33:53.585541 7f976c390a00                        Options.allow_mmap_reads: 0
2018/05/02-06:33:53.585542 7f976c390a00                       Options.allow_mmap_writes: 0
2018/05/02-06:33:53.585543 7f976c390a00                        Options.use_direct_reads: 0
2018/05/02-06:33:53.585544 7f976c390a00                        Options.use_direct_io_for_flush_and_compaction: 0
2018/05/02-06:33:53.585545 7f976c390a00          Options.create_missing_column_families: 0
2018/05/02-06:33:53.585546 7f976c390a00                              Options.db_log_dir: 
2018/05/02-06:33:53.585547 7f976c390a00                                 Options.wal_dir: /mnt/rocksdb
2018/05/02-06:33:53.585548 7f976c390a00                Options.table_cache_numshardbits: 4
2018/05/02-06:33:53.585549 7f976c390a00                      Options.max_subcompactions: 1
2018/05/02-06:33:53.585550 7f976c390a00                  Options.max_background_flushes: -1
2018/05/02-06:33:53.585551 7f976c390a00                         Options.WAL_ttl_seconds: 0
2018/05/02-06:33:53.585552 7f976c390a00                       Options.WAL_size_limit_MB: 0
2018/05/02-06:33:53.585553 7f976c390a00             Options.manifest_preallocation_size: 4194304
2018/05/02-06:33:53.585554 7f976c390a00                     Options.is_fd_close_on_exec: 1
2018/05/02-06:33:53.585555 7f976c390a00                   Options.advise_random_on_open: 1
2018/05/02-06:33:53.585556 7f976c390a00                    Options.db_write_buffer_size: 0
2018/05/02-06:33:53.585557 7f976c390a00                    Options.write_buffer_manager: 0x10c3a10
2018/05/02-06:33:53.585558 7f976c390a00         Options.access_hint_on_compaction_start: 1
2018/05/02-06:33:53.585559 7f976c390a00  Options.new_table_reader_for_compaction_inputs: 1
2018/05/02-06:33:53.585559 7f976c390a00           Options.random_access_max_buffer_size: 1048576
2018/05/02-06:33:53.585560 7f976c390a00                      Options.use_adaptive_mutex: 0
2018/05/02-06:33:53.585561 7f976c390a00                            Options.rate_limiter: (nil)
2018/05/02-06:33:53.585563 7f976c390a00     Options.sst_file_manager.rate_bytes_per_sec: 0
2018/05/02-06:33:53.585564 7f976c390a00                       Options.wal_recovery_mode: 2
2018/05/02-06:33:53.585565 7f976c390a00                  Options.enable_thread_tracking: 0
2018/05/02-06:33:53.585565 7f976c390a00                  Options.enable_pipelined_write: 0
2018/05/02-06:33:53.585571 7f976c390a00         Options.allow_concurrent_memtable_write: 0
2018/05/02-06:33:53.585573 7f976c390a00      Options.enable_write_thread_adaptive_yield: 1
2018/05/02-06:33:53.585573 7f976c390a00             Options.write_thread_max_yield_usec: 100
2018/05/02-06:33:53.585574 7f976c390a00            Options.write_thread_slow_yield_usec: 3
2018/05/02-06:33:53.585575 7f976c390a00                               Options.row_cache: None
2018/05/02-06:33:53.585576 7f976c390a00                              Options.wal_filter: None
2018/05/02-06:33:53.585577 7f976c390a00             Options.avoid_flush_during_recovery: 0
2018/05/02-06:33:53.585578 7f976c390a00             Options.allow_ingest_behind: 0
2018/05/02-06:33:53.585579 7f976c390a00             Options.preserve_deletes: 0
2018/05/02-06:33:53.585580 7f976c390a00             Options.two_write_queues: 0
2018/05/02-06:33:53.585581 7f976c390a00             Options.manual_wal_flush: 0
2018/05/02-06:33:53.585582 7f976c390a00             Options.max_background_jobs: 2
2018/05/02-06:33:53.585583 7f976c390a00             Options.max_background_compactions: -1
2018/05/02-06:33:53.585584 7f976c390a00             Options.avoid_flush_during_shutdown: 0
2018/05/02-06:33:53.585585 7f976c390a00           Options.writable_file_max_buffer_size: 1048576
2018/05/02-06:33:53.585586 7f976c390a00             Options.delayed_write_rate : 8388608
2018/05/02-06:33:53.585587 7f976c390a00             Options.max_total_wal_size: 0
2018/05/02-06:33:53.585588 7f976c390a00             Options.delete_obsolete_files_period_micros: 21600000000
2018/05/02-06:33:53.585589 7f976c390a00                   Options.stats_dump_period_sec: 600
2018/05/02-06:33:53.585590 7f976c390a00                          Options.max_open_files: -1
2018/05/02-06:33:53.585591 7f976c390a00                          Options.bytes_per_sync: 0
2018/05/02-06:33:53.585592 7f976c390a00                      Options.wal_bytes_per_sync: 0
2018/05/02-06:33:53.585593 7f976c390a00       Options.compaction_readahead_size: 0
2018/05/02-06:33:53.585594 7f976c390a00 Compression algorithms supported:
2018/05/02-06:33:53.585595 7f976c390a00 	kZSTDNotFinalCompression supported: 1
2018/05/02-06:33:53.585597 7f976c390a00 	kZSTD supported: 0
2018/05/02-06:33:53.585598 7f976c390a00 	kXpressCompression supported: 0
2018/05/02-06:33:53.585599 7f976c390a00 	kLZ4HCCompression supported: 1
2018/05/02-06:33:53.585600 7f976c390a00 	kLZ4Compression supported: 1
2018/05/02-06:33:53.585601 7f976c390a00 	kBZip2Compression supported: 1
2018/05/02-06:33:53.585602 7f976c390a00 	kZlibCompression supported: 1
2018/05/02-06:33:53.585604 7f976c390a00 	kSnappyCompression supported: 1
2018/05/02-06:33:53.585610 7f976c390a00 Fast CRC32 supported: Supported on x86
2018/05/02-06:33:53.585634 7f976c390a00 [db/db_impl_open.cc:222] Creating manifest 1 
2018/05/02-06:33:53.609004 7f976c390a00 [db/version_set.cc:3096] Recovering from manifest file: MANIFEST-000001
2018/05/02-06:33:53.609047 7f976c390a00 [db/column_family.cc:475] --------------- Options for column family [default]:
2018/05/02-06:33:53.609049 7f976c390a00               Options.comparator: leveldb.BytewiseComparator
2018/05/02-06:33:53.609050 7f976c390a00           Options.merge_operator: None
2018/05/02-06:33:53.609052 7f976c390a00        Options.compaction_filter: None
2018/05/02-06:33:53.609053 7f976c390a00        Options.compaction_filter_factory: None
2018/05/02-06:33:53.609054 7f976c390a00         Options.memtable_factory: HashSkipListRepFactory
2018/05/02-06:33:53.609055 7f976c390a00            Options.table_factory: BlockBasedTable
2018/05/02-06:33:53.609076 7f976c390a00            table_factory options:   flush_block_policy_factory: FlushBlockBySizePolicyFactory (0x10c3910)
  cache_index_and_filter_blocks: 0
  cache_index_and_filter_blocks_with_high_priority: 0
  pin_l0_filter_and_index_blocks_in_cache: 0
  index_type: 0
  hash_index_allow_collision: 1
  checksum: 1
  no_block_cache: 0
  block_cache: 0x10c3840
  block_cache_name: LRUCache
  block_cache_options:
    capacity : 8388608
    num_shard_bits : 6
    strict_capacity_limit : 0
    high_pri_pool_ratio: 0.000
  block_cache_compressed: (nil)
  persistent_cache: (nil)
  block_size: 4096
  block_size_deviation: 10
  block_restart_interval: 16
  index_block_restart_interval: 1
  metadata_block_size: 4096
  partition_filters: 0
  use_delta_encoding: 1
  filter_policy: nullptr
  whole_key_filtering: 1
  verify_compression: 0
  read_amp_bytes_per_bit: 0
  format_version: 2
  enable_index_compression: 1
  block_align: 0
2018/05/02-06:33:53.609088 7f976c390a00        Options.write_buffer_size: 17179869184
2018/05/02-06:33:53.609090 7f976c390a00  Options.max_write_buffer_number: 2
2018/05/02-06:33:53.609091 7f976c390a00          Options.compression: Snappy
2018/05/02-06:33:53.609092 7f976c390a00                  Options.bottommost_compression: Disabled
2018/05/02-06:33:53.609094 7f976c390a00       Options.prefix_extractor: rocksdb.FixedPrefix.8
2018/05/02-06:33:53.609095 7f976c390a00   Options.memtable_insert_with_hint_prefix_extractor: nullptr
2018/05/02-06:33:53.609096 7f976c390a00             Options.num_levels: 7
2018/05/02-06:33:53.609097 7f976c390a00        Options.min_write_buffer_number_to_merge: 1
2018/05/02-06:33:53.609098 7f976c390a00     Options.max_write_buffer_number_to_maintain: 0
2018/05/02-06:33:53.609099 7f976c390a00            Options.compression_opts.window_bits: -14
2018/05/02-06:33:53.609100 7f976c390a00                  Options.compression_opts.level: -1
2018/05/02-06:33:53.609101 7f976c390a00               Options.compression_opts.strategy: 0
2018/05/02-06:33:53.609102 7f976c390a00         Options.compression_opts.max_dict_bytes: 0
2018/05/02-06:33:53.609103 7f976c390a00         Options.compression_opts.zstd_max_train_bytes: 0
2018/05/02-06:33:53.609104 7f976c390a00      Options.level0_file_num_compaction_trigger: 4
2018/05/02-06:33:53.609105 7f976c390a00          Options.level0_slowdown_writes_trigger: 20
2018/05/02-06:33:53.609106 7f976c390a00              Options.level0_stop_writes_trigger: 36
2018/05/02-06:33:53.609107 7f976c390a00                   Options.target_file_size_base: 67108864
2018/05/02-06:33:53.609108 7f976c390a00             Options.target_file_size_multiplier: 1
2018/05/02-06:33:53.609109 7f976c390a00                Options.max_bytes_for_level_base: 268435456
2018/05/02-06:33:53.609110 7f976c390a00 Options.level_compaction_dynamic_level_bytes: 0
2018/05/02-06:33:53.609111 7f976c390a00          Options.max_bytes_for_level_multiplier: 10.000000
2018/05/02-06:33:53.609113 7f976c390a00 Options.max_bytes_for_level_multiplier_addtl[0]: 1
2018/05/02-06:33:53.609114 7f976c390a00 Options.max_bytes_for_level_multiplier_addtl[1]: 1
2018/05/02-06:33:53.609115 7f976c390a00 Options.max_bytes_for_level_multiplier_addtl[2]: 1
2018/05/02-06:33:53.609116 7f976c390a00 Options.max_bytes_for_level_multiplier_addtl[3]: 1
2018/05/02-06:33:53.609117 7f976c390a00 Options.max_bytes_for_level_multiplier_addtl[4]: 1
2018/05/02-06:33:53.609118 7f976c390a00 Options.max_bytes_for_level_multiplier_addtl[5]: 1
2018/05/02-06:33:53.609119 7f976c390a00 Options.max_bytes_for_level_multiplier_addtl[6]: 1
2018/05/02-06:33:53.609120 7f976c390a00       Options.max_sequential_skip_in_iterations: 8
2018/05/02-06:33:53.609121 7f976c390a00                    Options.max_compaction_bytes: 1677721600
2018/05/02-06:33:53.609122 7f976c390a00                        Options.arena_block_size: 2147483648
2018/05/02-06:33:53.609123 7f976c390a00   Options.soft_pending_compaction_bytes_limit: 68719476736
2018/05/02-06:33:53.609124 7f976c390a00   Options.hard_pending_compaction_bytes_limit: 137438953472
2018/05/02-06:33:53.609125 7f976c390a00       Options.rate_limit_delay_max_milliseconds: 1000
2018/05/02-06:33:53.609126 7f976c390a00                Options.disable_auto_compactions: 0
2018/05/02-06:33:53.609127 7f976c390a00                        Options.compaction_style: kCompactionStyleLevel
2018/05/02-06:33:53.609129 7f976c390a00                          Options.compaction_pri: kByCompensatedSize
2018/05/02-06:33:53.609130 7f976c390a00 Options.compaction_options_universal.size_ratio: 1
2018/05/02-06:33:53.609135 7f976c390a00 Options.compaction_options_universal.min_merge_width: 2
2018/05/02-06:33:53.609136 7f976c390a00 Options.compaction_options_universal.max_merge_width: 4294967295
2018/05/02-06:33:53.609137 7f976c390a00 Options.compaction_options_universal.max_size_amplification_percent: 200
2018/05/02-06:33:53.609138 7f976c390a00 Options.compaction_options_universal.compression_size_percent: -1
2018/05/02-06:33:53.609140 7f976c390a00 Options.compaction_options_universal.stop_style: kCompactionStopStyleTotalSize
2018/05/02-06:33:53.609141 7f976c390a00 Options.compaction_options_fifo.max_table_files_size: 0
2018/05/02-06:33:53.609142 7f976c390a00 Options.compaction_options_fifo.allow_compaction: 1
2018/05/02-06:33:53.609143 7f976c390a00 Options.compaction_options_fifo.ttl: 0
2018/05/02-06:33:53.609144 7f976c390a00                   Options.table_properties_collectors: 
2018/05/02-06:33:53.609145 7f976c390a00                   Options.inplace_update_support: 0
2018/05/02-06:33:53.609146 7f976c390a00                 Options.inplace_update_num_locks: 10000
2018/05/02-06:33:53.609147 7f976c390a00               Options.memtable_prefix_bloom_size_ratio: 0.000000
2018/05/02-06:33:53.609148 7f976c390a00   Options.memtable_huge_page_size: 0
2018/05/02-06:33:53.609149 7f976c390a00                           Options.bloom_locality: 0
2018/05/02-06:33:53.609150 7f976c390a00                    Options.max_successive_merges: 0
2018/05/02-06:33:53.609151 7f976c390a00                Options.optimize_filters_for_hits: 0
2018/05/02-06:33:53.609152 7f976c390a00                Options.paranoid_file_checks: 0
2018/05/02-06:33:53.609153 7f976c390a00                Options.force_consistency_checks: 0
2018/05/02-06:33:53.609154 7f976c390a00                Options.report_bg_io_stats: 0
2018/05/02-06:33:53.609155 7f976c390a00                               Options.ttl: 0
2018/05/02-06:33:53.612409 7f976c390a00 [db/version_set.cc:3370] Recovered from manifest file:/mnt/rocksdb/MANIFEST-000001 succeeded,manifest_file_number is 1, next_file_number is 3, last_sequence is 0, log_number is 0,prev_log_number is 0,max_column_family is 0,deleted_log_number is 0
2018/05/02-06:33:53.612415 7f976c390a00 [db/version_set.cc:3378] Column family [default] (ID 0), log number is 0
2018/05/02-06:33:53.617142 7f976c390a00 [db/db_impl_open.cc:1218] DB pointer 0x10d3020
2018/05/02-06:33:57.144587 7f976c390a00 [db/db_impl.cc:252] Shutdown: canceling all background work
2018/05/02-06:33:57.146425 7f976c390a00 [db/db_impl.cc:398] Shutdown complete
